month,days,canton,companies,employees,followers,other legal forms,AG's,GmbH's,share of AG's,share of GmbH's,financial sector,IT sector,other sectors,share of financial sector,share of IT sector,taxes,working_population,treatment
2016-01-31,0,ZG,0.0,0.0,0.0,0.0,0.0,0.0,,,0.0,0.0,0.0,,,2361.0,78376.0,0.0
2016-01-31,0,ZH,0.0,0.0,0.0,0.0,0.0,0.0,,,0.0,0.0,0.0,,,4356.0,943505.0,0.0
2016-01-31,0,BE,0.0,0.0,0.0,0.0,0.0,0.0,,,0.0,0.0,0.0,,,3180.9,622339.0,0.0
2016-01-31,0,LU,0.0,0.0,0.0,0.0,0.0,0.0,,,0.0,0.0,0.0,,,2629.7,251486.0,0.0
2016-01-31,0,SZ,0.0,0.0,0.0,0.0,0.0,0.0,,,0.0,0.0,0.0,,,3063.45,98333.0,0.0
2016-01-31,0,TI,0.0,0.0,0.0,0.0,0.0,0.0,,,0.0,0.0,0.0,,,4356.299999999999,211291.0,0.0
2016-01-31,0,VD,0.0,0.0,0.0,0.0,0.0,0.0,,,0.0,0.0,0.0,,,4422.21,483842.0,0.0
2016-01-31,0,NE,0.0,0.0,0.0,0.0,0.0,0.0,,,0.0,0.0,0.0,,,3126.0,107176.0,0.0
2016-01-31,0,GE,0.0,0.0,0.0,0.0,0.0,0.0,,,0.0,0.0,0.0,,,4892.0,305371.0,0.0
,0,synth_ZG,0.0,,,,,,,,,,,,,,,
2016-02-29,29,ZG,0.0,0.0,0.0,0.0,0.0,0.0,,,0.0,0.0,0.0,,,2361.0,78376.0,0.0
2016-02-29,29,ZH,0.0,0.0,0.0,0.0,0.0,0.0,,,0.0,0.0,0.0,,,4356.0,943505.0,0.0
2016-02-29,29,BE,0.0,0.0,0.0,0.0,0.0,0.0,,,0.0,0.0,0.0,,,3180.9,622339.0,0.0
2016-02-29,29,LU,0.0,0.0,0.0,0.0,0.0,0.0,,,0.0,0.0,0.0,,,2629.7,251486.0,0.0
2016-02-29,29,SZ,0.0,0.0,0.0,0.0,0.0,0.0,,,0.0,0.0,0.0,,,3063.45,98333.0,0.0
2016-02-29,29,TI,0.0,0.0,0.0,0.0,0.0,0.0,,,0.0,0.0,0.0,,,4356.299999999999,211291.0,0.0
2016-02-29,29,VD,0.0,0.0,0.0,0.0,0.0,0.0,,,0.0,0.0,0.0,,,4422.21,483842.0,0.0
2016-02-29,29,NE,0.0,0.0,0.0,0.0,0.0,0.0,,,0.0,0.0,0.0,,,3126.0,107176.0,0.0
2016-02-29,29,GE,0.0,0.0,0.0,0.0,0.0,0.0,,,0.0,0.0,0.0,,,4892.0,305371.0,0.0
,29,synth_ZG,0.0,,,,,,,,,,,,,,,
2016-03-31,60,ZG,2.0,2.0,62.0,0.0,0.0,2.0,0.0,1.0,1.0,1.0,0.0,0.5,0.5,2361.0,78376.0,0.0
2016-03-31,60,ZH,0.0,0.0,0.0,0.0,0.0,0.0,,,0.0,0.0,0.0,,,4356.0,943505.0,0.0
2016-03-31,60,BE,0.0,0.0,0.0,0.0,0.0,0.0,,,0.0,0.0,0.0,,,3180.9,622339.0,0.0
2016-03-31,60,LU,0.0,0.0,0.0,0.0,0.0,0.0,,,0.0,0.0,0.0,,,2629.7,251486.0,0.0
2016-03-31,60,SZ,0.0,0.0,0.0,0.0,0.0,0.0,,,0.0,0.0,0.0,,,3063.45,98333.0,0.0
2016-03-31,60,TI,0.0,0.0,0.0,0.0,0.0,0.0,,,0.0,0.0,0.0,,,4356.299999999999,211291.0,0.0
2016-03-31,60,VD,1.0,87.0,7823.0,0.0,1.0,0.0,1.0,0.0,0.0,1.0,0.0,0.0,1.0,4422.21,483842.0,0.0
2016-03-31,60,NE,0.0,0.0,0.0,0.0,0.0,0.0,,,0.0,0.0,0.0,,,3126.0,107176.0,0.0
2016-03-31,60,GE,0.0,0.0,0.0,0.0,0.0,0.0,,,0.0,0.0,0.0,,,4892.0,305371.0,0.0
,60,synth_ZG,-1.7333838692550845,,,,,,,,,,,,,,,
2016-04-30,90,ZG,2.0,2.0,62.0,0.0,0.0,2.0,0.0,1.0,1.0,1.0,0.0,0.5,0.5,2361.0,78376.0,0.0
2016-04-30,90,ZH,2.0,632.0,16056.0,0.0,2.0,0.0,1.0,0.0,1.0,1.0,0.0,0.5,0.5,4356.0,943505.0,0.0
2016-04-30,90,BE,0.0,0.0,0.0,0.0,0.0,0.0,,,0.0,0.0,0.0,,,3180.9,622339.0,0.0
2016-04-30,90,LU,0.0,0.0,0.0,0.0,0.0,0.0,,,0.0,0.0,0.0,,,2629.7,251486.0,0.0
2016-04-30,90,SZ,0.0,0.0,0.0,0.0,0.0,0.0,,,0.0,0.0,0.0,,,3063.45,98333.0,0.0
2016-04-30,90,TI,0.0,0.0,0.0,0.0,0.0,0.0,,,0.0,0.0,0.0,,,4356.299999999999,211291.0,0.0
2016-04-30,90,VD,1.0,87.0,7823.0,0.0,1.0,0.0,1.0,0.0,0.0,1.0,0.0,0.0,1.0,4422.21,483842.0,0.0
2016-04-30,90,NE,0.0,0.0,0.0,0.0,0.0,0.0,,,0.0,0.0,0.0,,,3126.0,107176.0,0.0
2016-04-30,90,GE,0.0,0.0,0.0,0.0,0.0,0.0,,,0.0,0.0,0.0,,,4892.0,305371.0,0.0
,90,synth_ZG,2.9506115009179714,,,,,,,,,,,,,,,
2016-05-31,121,ZG,3.0,83.0,2217.0,0.0,1.0,2.0,0.3333333333333333,0.6666666666666666,1.0,1.0,1.0,0.3333333333333333,0.3333333333333333,2361.0,78376.0,0.0
2016-05-31,121,ZH,3.0,677.0,20152.0,0.0,3.0,0.0,1.0,0.0,1.0,2.0,0.0,0.3333333333333333,0.6666666666666666,4356.0,943505.0,0.0
2016-05-31,121,BE,0.0,0.0,0.0,0.0,0.0,0.0,,,0.0,0.0,0.0,,,3180.9,622339.0,0.0
2016-05-31,121,LU,0.0,0.0,0.0,0.0,0.0,0.0,,,0.0,0.0,0.0,,,2629.7,251486.0,0.0
2016-05-31,121,SZ,0.0,0.0,0.0,0.0,0.0,0.0,,,0.0,0.0,0.0,,,3063.45,98333.0,0.0
2016-05-31,121,TI,0.0,0.0,0.0,0.0,0.0,0.0,,,0.0,0.0,0.0,,,4356.299999999999,211291.0,0.0
2016-05-31,121,VD,1.0,87.0,7823.0,0.0,1.0,0.0,1.0,0.0,0.0,1.0,0.0,0.0,1.0,4422.21,483842.0,0.0
2016-05-31,121,NE,0.0,0.0,0.0,0.0,0.0,0.0,,,0.0,0.0,0.0,,,3126.0,107176.0,0.0
2016-05-31,121,GE,0.0,0.0,0.0,0.0,0.0,0.0,,,0.0,0.0,0.0,,,4892.0,305371.0,0.0
,121,synth_ZG,5.2926091860044995,,,,,,,,,,,,,,,
2016-06-30,151,ZG,3.0,83.0,2217.0,0.0,1.0,2.0,0.3333333333333333,0.6666666666666666,1.0,1.0,1.0,0.3333333333333333,0.3333333333333333,2361.0,78376.0,0.0
2016-06-30,151,ZH,3.0,677.0,20152.0,0.0,3.0,0.0,1.0,0.0,1.0,2.0,0.0,0.3333333333333333,0.6666666666666666,4356.0,943505.0,0.0
2016-06-30,151,BE,0.0,0.0,0.0,0.0,0.0,0.0,,,0.0,0.0,0.0,,,3180.9,622339.0,0.0
2016-06-30,151,LU,0.0,0.0,0.0,0.0,0.0,0.0,,,0.0,0.0,0.0,,,2629.7,251486.0,0.0
2016-06-30,151,SZ,0.0,0.0,0.0,0.0,0.0,0.0,,,0.0,0.0,0.0,,,3063.45,98333.0,0.0
2016-06-30,151,TI,0.0,0.0,0.0,0.0,0.0,0.0,,,0.0,0.0,0.0,,,4356.299999999999,211291.0,0.0
2016-06-30,151,VD,1.0,87.0,7823.0,0.0,1.0,0.0,1.0,0.0,0.0,1.0,0.0,0.0,1.0,4422.21,483842.0,0.0
2016-06-30,151,NE,0.0,0.0,0.0,0.0,0.0,0.0,,,0.0,0.0,0.0,,,3126.0,107176.0,0.0
2016-06-30,151,GE,0.0,0.0,0.0,0.0,0.0,0.0,,,0.0,0.0,0.0,,,4892.0,305371.0,0.0
,151,synth_ZG,5.2926091860044995,,,,,,,,,,,,,,,
2016-07-31,182,ZG,4.0,105.0,3936.0,0.0,2.0,2.0,0.5,0.5,1.0,2.0,1.0,0.25,0.5,2361.0,78376.0,0.0
2016-07-31,182,ZH,4.0,682.0,21560.0,0.0,4.0,0.0,1.0,0.0,1.0,3.0,0.0,0.25,0.75,4356.0,943505.0,0.0
2016-07-31,182,BE,0.0,0.0,0.0,0.0,0.0,0.0,,,0.0,0.0,0.0,,,3180.9,622339.0,0.0
2016-07-31,182,LU,0.0,0.0,0.0,0.0,0.0,0.0,,,0.0,0.0,0.0,,,2629.7,251486.0,0.0
2016-07-31,182,SZ,0.0,0.0,0.0,0.0,0.0,0.0,,,0.0,0.0,0.0,,,3063.45,98333.0,0.0
2016-07-31,182,TI,0.0,0.0,0.0,0.0,0.0,0.0,,,0.0,0.0,0.0,,,4356.299999999999,211291.0,0.0
2016-07-31,182,VD,1.0,87.0,7823.0,0.0,1.0,0.0,1.0,0.0,0.0,1.0,0.0,0.0,1.0,4422.21,483842.0,0.0
2016-07-31,182,NE,0.0,0.0,0.0,0.0,0.0,0.0,,,0.0,0.0,0.0,,,3126.0,107176.0,0.0
2016-07-31,182,GE,0.0,0.0,0.0,0.0,0.0,0.0,,,0.0,0.0,0.0,,,4892.0,305371.0,0.0
,182,synth_ZG,7.6346068710910275,,,,,,,,,,,,,,,
2016-08-31,213,ZG,7.0,151.0,16049.0,0.0,3.0,4.0,0.4285714285714285,0.5714285714285714,2.0,4.0,1.0,0.2857142857142857,0.5714285714285714,2361.0,78376.0,0.0
2016-08-31,213,ZH,4.0,682.0,21560.0,0.0,4.0,0.0,1.0,0.0,1.0,3.0,0.0,0.25,0.75,4356.0,943505.0,0.0
2016-08-31,213,BE,0.0,0.0,0.0,0.0,0.0,0.0,,,0.0,0.0,0.0,,,3180.9,622339.0,0.0
2016-08-31,213,LU,0.0,0.0,0.0,0.0,0.0,0.0,,,0.0,0.0,0.0,,,2629.7,251486.0,0.0
2016-08-31,213,SZ,0.0,0.0,0.0,0.0,0.0,0.0,,,0.0,0.0,0.0,,,3063.45,98333.0,0.0
2016-08-31,213,TI,0.0,0.0,0.0,0.0,0.0,0.0,,,0.0,0.0,0.0,,,4356.299999999999,211291.0,0.0
2016-08-31,213,VD,1.0,87.0,7823.0,0.0,1.0,0.0,1.0,0.0,0.0,1.0,0.0,0.0,1.0,4422.21,483842.0,0.0
2016-08-31,213,NE,0.0,0.0,0.0,0.0,0.0,0.0,,,0.0,0.0,0.0,,,3126.0,107176.0,0.0
2016-08-31,213,GE,0.0,0.0,0.0,0.0,0.0,0.0,,,0.0,0.0,0.0,,,4892.0,305371.0,0.0
,213,synth_ZG,7.6346068710910275,,,,,,,,,,,,,,,
2016-09-30,243,ZG,8.0,152.0,16082.0,0.0,4.0,4.0,0.5,0.5,2.0,5.0,1.0,0.25,0.625,2361.0,78376.0,0.0
2016-09-30,243,ZH,4.0,682.0,21560.0,0.0,4.0,0.0,1.0,0.0,1.0,3.0,0.0,0.25,0.75,4356.0,943505.0,0.0
2016-09-30,243,BE,0.0,0.0,0.0,0.0,0.0,0.0,,,0.0,0.0,0.0,,,3180.9,622339.0,0.0
2016-09-30,243,LU,0.0,0.0,0.0,0.0,0.0,0.0,,,0.0,0.0,0.0,,,2629.7,251486.0,0.0
2016-09-30,243,SZ,0.0,0.0,0.0,0.0,0.0,0.0,,,0.0,0.0,0.0,,,3063.45,98333.0,0.0
2016-09-30,243,TI,0.0,0.0,0.0,0.0,0.0,0.0,,,0.0,0.0,0.0,,,4356.299999999999,211291.0,0.0
2016-09-30,243,VD,1.0,87.0,7823.0,0.0,1.0,0.0,1.0,0.0,0.0,1.0,0.0,0.0,1.0,4422.21,483842.0,0.0
2016-09-30,243,NE,0.0,0.0,0.0,0.0,0.0,0.0,,,0.0,0.0,0.0,,,3126.0,107176.0,0.0
2016-09-30,243,GE,0.0,0.0,0.0,0.0,0.0,0.0,,,0.0,0.0,0.0,,,4892.0,305371.0,0.0
,243,synth_ZG,7.6346068710910275,,,,,,,,,,,,,,,
2016-10-31,274,ZG,8.0,152.0,16082.0,0.0,4.0,4.0,0.5,0.5,2.0,5.0,1.0,0.25,0.625,2361.0,78376.0,0.0
2016-10-31,274,ZH,5.0,689.0,21633.0,0.0,5.0,0.0,1.0,0.0,1.0,4.0,0.0,0.2,0.8,4356.0,943505.0,0.0
2016-10-31,274,BE,0.0,0.0,0.0,0.0,0.0,0.0,,,0.0,0.0,0.0,,,3180.9,622339.0,0.0
2016-10-31,274,LU,0.0,0.0,0.0,0.0,0.0,0.0,,,0.0,0.0,0.0,,,2629.7,251486.0,0.0
2016-10-31,274,SZ,0.0,0.0,0.0,0.0,0.0,0.0,,,0.0,0.0,0.0,,,3063.45,98333.0,0.0
2016-10-31,274,TI,0.0,0.0,0.0,0.0,0.0,0.0,,,0.0,0.0,0.0,,,4356.299999999999,211291.0,0.0
2016-10-31,274,VD,1.0,87.0,7823.0,0.0,1.0,0.0,1.0,0.0,0.0,1.0,0.0,0.0,1.0,4422.21,483842.0,0.0
2016-10-31,274,NE,0.0,0.0,0.0,0.0,0.0,0.0,,,0.0,0.0,0.0,,,3126.0,107176.0,0.0
2016-10-31,274,GE,0.0,0.0,0.0,0.0,0.0,0.0,,,0.0,0.0,0.0,,,4892.0,305371.0,0.0
,274,synth_ZG,9.976604556177557,,,,,,,,,,,,,,,
2016-11-30,304,ZG,10.0,154.0,16129.0,0.0,6.0,4.0,0.6,0.4,3.0,5.0,2.0,0.3,0.5,2361.0,78376.0,0.0
2016-11-30,304,ZH,5.0,689.0,21633.0,0.0,5.0,0.0,1.0,0.0,1.0,4.0,0.0,0.2,0.8,4356.0,943505.0,0.0
2016-11-30,304,BE,0.0,0.0,0.0,0.0,0.0,0.0,,,0.0,0.0,0.0,,,3180.9,622339.0,0.0
2016-11-30,304,LU,0.0,0.0,0.0,0.0,0.0,0.0,,,0.0,0.0,0.0,,,2629.7,251486.0,0.0
2016-11-30,304,SZ,0.0,0.0,0.0,0.0,0.0,0.0,,,0.0,0.0,0.0,,,3063.45,98333.0,0.0
2016-11-30,304,TI,0.0,0.0,0.0,0.0,0.0,0.0,,,0.0,0.0,0.0,,,4356.299999999999,211291.0,0.0
2016-11-30,304,VD,1.0,87.0,7823.0,0.0,1.0,0.0,1.0,0.0,0.0,1.0,0.0,0.0,1.0,4422.21,483842.0,0.0
2016-11-30,304,NE,0.0,0.0,0.0,0.0,0.0,0.0,,,0.0,0.0,0.0,,,3126.0,107176.0,0.0
2016-11-30,304,GE,0.0,0.0,0.0,0.0,0.0,0.0,,,0.0,0.0,0.0,,,4892.0,305371.0,0.0
,304,synth_ZG,9.976604556177557,,,,,,,,,,,,,,,
2016-12-31,335,ZG,10.0,154.0,16129.0,0.0,6.0,4.0,0.6,0.4,3.0,5.0,2.0,0.3,0.5,2361.0,78376.0,0.0
2016-12-31,335,ZH,6.0,690.0,21646.0,0.0,5.0,1.0,0.8333333333333334,0.1666666666666666,1.0,5.0,0.0,0.1666666666666666,0.8333333333333334,4356.0,943505.0,0.0
2016-12-31,335,BE,0.0,0.0,0.0,0.0,0.0,0.0,,,0.0,0.0,0.0,,,3180.9,622339.0,0.0
2016-12-31,335,LU,0.0,0.0,0.0,0.0,0.0,0.0,,,0.0,0.0,0.0,,,2629.7,251486.0,0.0
2016-12-31,335,SZ,0.0,0.0,0.0,0.0,0.0,0.0,,,0.0,0.0,0.0,,,3063.45,98333.0,0.0
2016-12-31,335,TI,0.0,0.0,0.0,0.0,0.0,0.0,,,0.0,0.0,0.0,,,4356.299999999999,211291.0,0.0
2016-12-31,335,VD,1.0,87.0,7823.0,0.0,1.0,0.0,1.0,0.0,0.0,1.0,0.0,0.0,1.0,4422.21,483842.0,0.0
2016-12-31,335,NE,0.0,0.0,0.0,0.0,0.0,0.0,,,0.0,0.0,0.0,,,3126.0,107176.0,0.0
2016-12-31,335,GE,0.0,0.0,0.0,0.0,0.0,0.0,,,0.0,0.0,0.0,,,4892.0,305371.0,0.0
,335,synth_ZG,12.318602241264085,,,,,,,,,,,,,,,
2017-01-31,366,ZG,10.0,154.0,16129.0,0.0,6.0,4.0,0.6,0.4,3.0,5.0,2.0,0.3,0.5,2361.0,79087.0,0.0
2017-01-31,366,ZH,6.0,690.0,21646.0,0.0,5.0,1.0,0.8333333333333334,0.1666666666666666,1.0,5.0,0.0,0.1666666666666666,0.8333333333333334,4356.0,952121.0,0.0
2017-01-31,366,BE,0.0,0.0,0.0,0.0,0.0,0.0,,,0.0,0.0,0.0,,,3180.9,622668.0,0.0
2017-01-31,366,LU,0.0,0.0,0.0,0.0,0.0,0.0,,,0.0,0.0,0.0,,,2629.7,252896.0,0.0
2017-01-31,366,SZ,0.0,0.0,0.0,0.0,0.0,0.0,,,0.0,0.0,0.0,,,3063.45,99111.0,0.0
2017-01-31,366,TI,0.0,0.0,0.0,0.0,0.0,0.0,,,0.0,0.0,0.0,,,4365.424999999999,210041.0,0.0
2017-01-31,366,VD,1.0,87.0,7823.0,0.0,1.0,0.0,1.0,0.0,0.0,1.0,0.0,0.0,1.0,4267.26,488905.0,0.0
2017-01-31,366,NE,0.0,0.0,0.0,0.0,0.0,0.0,,,0.0,0.0,0.0,,,3126.0,106567.0,0.0
2017-01-31,366,GE,0.0,0.0,0.0,0.0,0.0,0.0,,,0.0,0.0,0.0,,,4892.0,309359.0,0.0
,366,synth_ZG,12.318602241264085,,,,,,,,,,,,,,,
2017-02-28,394,ZG,10.0,154.0,16129.0,0.0,6.0,4.0,0.6,0.4,3.0,5.0,2.0,0.3,0.5,2361.0,79087.0,0.0
2017-02-28,394,ZH,6.0,690.0,21646.0,0.0,5.0,1.0,0.8333333333333334,0.1666666666666666,1.0,5.0,0.0,0.1666666666666666,0.8333333333333334,4356.0,952121.0,0.0
2017-02-28,394,BE,0.0,0.0,0.0,0.0,0.0,0.0,,,0.0,0.0,0.0,,,3180.9,622668.0,0.0
2017-02-28,394,LU,0.0,0.0,0.0,0.0,0.0,0.0,,,0.0,0.0,0.0,,,2629.7,252896.0,0.0
2017-02-28,394,SZ,0.0,0.0,0.0,0.0,0.0,0.0,,,0.0,0.0,0.0,,,3063.45,99111.0,0.0
2017-02-28,394,TI,0.0,0.0,0.0,0.0,0.0,0.0,,,0.0,0.0,0.0,,,4365.424999999999,210041.0,0.0
2017-02-28,394,VD,1.0,87.0,7823.0,0.0,1.0,0.0,1.0,0.0,0.0,1.0,0.0,0.0,1.0,4267.26,488905.0,0.0
2017-02-28,394,NE,0.0,0.0,0.0,0.0,0.0,0.0,,,0.0,0.0,0.0,,,3126.0,106567.0,0.0
2017-02-28,394,GE,0.0,0.0,0.0,0.0,0.0,0.0,,,0.0,0.0,0.0,,,4892.0,309359.0,0.0
,394,synth_ZG,12.318602241264085,,,,,,,,,,,,,,,
2017-03-31,425,ZG,10.0,154.0,16129.0,0.0,6.0,4.0,0.6,0.4,3.0,5.0,2.0,0.3,0.5,2361.0,79087.0,0.0
2017-03-31,425,ZH,7.0,692.0,21657.0,0.0,5.0,2.0,0.7142857142857143,0.2857142857142857,2.0,5.0,0.0,0.2857142857142857,0.7142857142857143,4356.0,952121.0,0.0
2017-03-31,425,BE,0.0,0.0,0.0,0.0,0.0,0.0,,,0.0,0.0,0.0,,,3180.9,622668.0,0.0
2017-03-31,425,LU,0.0,0.0,0.0,0.0,0.0,0.0,,,0.0,0.0,0.0,,,2629.7,252896.0,0.0
2017-03-31,425,SZ,0.0,0.0,0.0,0.0,0.0,0.0,,,0.0,0.0,0.0,,,3063.45,99111.0,0.0
2017-03-31,425,TI,0.0,0.0,0.0,0.0,0.0,0.0,,,0.0,0.0,0.0,,,4365.424999999999,210041.0,0.0
2017-03-31,425,VD,1.0,87.0,7823.0,0.0,1.0,0.0,1.0,0.0,0.0,1.0,0.0,0.0,1.0,4267.26,488905.0,0.0
2017-03-31,425,NE,0.0,0.0,0.0,0.0,0.0,0.0,,,0.0,0.0,0.0,,,3126.0,106567.0,0.0
2017-03-31,425,GE,0.0,0.0,0.0,0.0,0.0,0.0,,,0.0,0.0,0.0,,,4892.0,309359.0,0.0
,425,synth_ZG,14.660599926350612,,,,,,,,,,,,,,,
2017-04-30,455,ZG,12.0,192.0,1323534.0,0.0,8.0,4.0,0.6666666666666666,0.3333333333333333,4.0,5.0,3.0,0.3333333333333333,0.4166666666666667,2361.0,79087.0,0.0
2017-04-30,455,ZH,7.0,692.0,21657.0,0.0,5.0,2.0,0.7142857142857143,0.2857142857142857,2.0,5.0,0.0,0.2857142857142857,0.7142857142857143,4356.0,952121.0,0.0
2017-04-30,455,BE,0.0,0.0,0.0,0.0,0.0,0.0,,,0.0,0.0,0.0,,,3180.9,622668.0,0.0
2017-04-30,455,LU,0.0,0.0,0.0,0.0,0.0,0.0,,,0.0,0.0,0.0,,,2629.7,252896.0,0.0
2017-04-30,455,SZ,0.0,0.0,0.0,0.0,0.0,0.0,,,0.0,0.0,0.0,,,3063.45,99111.0,0.0
2017-04-30,455,TI,1.0,3.0,1.0,0.0,0.0,1.0,0.0,1.0,0.0,0.0,1.0,0.0,0.0,4365.424999999999,210041.0,0.0
2017-04-30,455,VD,1.0,87.0,7823.0,0.0,1.0,0.0,1.0,0.0,0.0,1.0,0.0,0.0,1.0,4267.26,488905.0,0.0
2017-04-30,455,NE,0.0,0.0,0.0,0.0,0.0,0.0,,,0.0,0.0,0.0,,,3126.0,106567.0,0.0
2017-04-30,455,GE,0.0,0.0,0.0,0.0,0.0,0.0,,,0.0,0.0,0.0,,,4892.0,309359.0,0.0
,455,synth_ZG,16.158255196976704,,,,,,,,,,,,,,,
2017-05-31,486,ZG,13.0,458.0,202656849.0,0.0,9.0,4.0,0.6923076923076923,0.3076923076923077,5.0,5.0,3.0,0.3846153846153846,0.3846153846153846,2361.0,79087.0,0.0
2017-05-31,486,ZH,8.0,695.0,10292041980.0,0.0,5.0,3.0,0.625,0.375,2.0,5.0,1.0,0.25,0.625,4356.0,952121.0,0.0
2017-05-31,486,BE,0.0,0.0,0.0,0.0,0.0,0.0,,,0.0,0.0,0.0,,,3180.9,622668.0,0.0
2017-05-31,486,LU,0.0,0.0,0.0,0.0,0.0,0.0,,,0.0,0.0,0.0,,,2629.7,252896.0,0.0
2017-05-31,486,SZ,0.0,0.0,0.0,0.0,0.0,0.0,,,0.0,0.0,0.0,,,3063.45,99111.0,0.0
2017-05-31,486,TI,1.0,3.0,1.0,0.0,0.0,1.0,0.0,1.0,0.0,0.0,1.0,0.0,0.0,4365.424999999999,210041.0,0.0
2017-05-31,486,VD,1.0,87.0,7823.0,0.0,1.0,0.0,1.0,0.0,0.0,1.0,0.0,0.0,1.0,4267.26,488905.0,0.0
2017-05-31,486,NE,0.0,0.0,0.0,0.0,0.0,0.0,,,0.0,0.0,0.0,,,3126.0,106567.0,0.0
2017-05-31,486,GE,0.0,0.0,0.0,0.0,0.0,0.0,,,0.0,0.0,0.0,,,4892.0,309359.0,0.0
,486,synth_ZG,18.500252882063233,,,,,,,,,,,,,,,
2017-06-30,516,ZG,16.0,518.0,202659551.0,0.0,10.0,6.0,0.625,0.375,7.0,6.0,3.0,0.4375,0.375,2361.0,79087.0,0.0
2017-06-30,516,ZH,8.0,695.0,10292041980.0,0.0,5.0,3.0,0.625,0.375,2.0,5.0,1.0,0.25,0.625,4356.0,952121.0,0.0
2017-06-30,516,BE,0.0,0.0,0.0,0.0,0.0,0.0,,,0.0,0.0,0.0,,,3180.9,622668.0,0.0
2017-06-30,516,LU,0.0,0.0,0.0,0.0,0.0,0.0,,,0.0,0.0,0.0,,,2629.7,252896.0,0.0
2017-06-30,516,SZ,0.0,0.0,0.0,0.0,0.0,0.0,,,0.0,0.0,0.0,,,3063.45,99111.0,0.0
2017-06-30,516,TI,1.0,3.0,1.0,0.0,0.0,1.0,0.0,1.0,0.0,0.0,1.0,0.0,0.0,4365.424999999999,210041.0,0.0
2017-06-30,516,VD,1.0,87.0,7823.0,0.0,1.0,0.0,1.0,0.0,0.0,1.0,0.0,0.0,1.0,4267.26,488905.0,0.0
2017-06-30,516,NE,0.0,0.0,0.0,0.0,0.0,0.0,,,0.0,0.0,0.0,,,3126.0,106567.0,0.0
2017-06-30,516,GE,0.0,0.0,0.0,0.0,0.0,0.0,,,0.0,0.0,0.0,,,4892.0,309359.0,0.0
,516,synth_ZG,18.500252882063233,,,,,,,,,,,,,,,
2017-07-31,547,ZG,17.0,519.0,202659712.0,0.0,11.0,6.0,0.6470588235294118,0.3529411764705882,8.0,6.0,3.0,0.4705882352941176,0.3529411764705882,2361.0,79087.0,0.0
2017-07-31,547,ZH,8.0,695.0,10292041980.0,0.0,5.0,3.0,0.625,0.375,2.0,5.0,1.0,0.25,0.625,4356.0,952121.0,0.0
2017-07-31,547,BE,0.0,0.0,0.0,0.0,0.0,0.0,,,0.0,0.0,0.0,,,3180.9,622668.0,0.0
2017-07-31,547,LU,0.0,0.0,0.0,0.0,0.0,0.0,,,0.0,0.0,0.0,,,2629.7,252896.0,0.0
2017-07-31,547,SZ,0.0,0.0,0.0,0.0,0.0,0.0,,,0.0,0.0,0.0,,,3063.45,99111.0,0.0
2017-07-31,547,TI,2.0,12.0,916.0,0.0,1.0,1.0,0.5,0.5,0.0,1.0,1.0,0.0,0.5,4365.424999999999,210041.0,0.0
2017-07-31,547,VD,1.0,87.0,7823.0,0.0,1.0,0.0,1.0,0.0,0.0,1.0,0.0,0.0,1.0,4267.26,488905.0,0.0
2017-07-31,547,NE,0.0,0.0,0.0,0.0,0.0,0.0,,,0.0,0.0,0.0,,,3126.0,106567.0,0.0
2017-07-31,547,GE,0.0,0.0,0.0,0.0,0.0,0.0,,,0.0,0.0,0.0,,,4892.0,309359.0,0.0
,547,synth_ZG,19.997908152689323,,,,,,,,,,,,,,,
2017-08-31,578,ZG,17.0,519.0,202659712.0,0.0,11.0,6.0,0.6470588235294118,0.3529411764705882,8.0,6.0,3.0,0.4705882352941176,0.3529411764705882,2361.0,79087.0,0.0
2017-08-31,578,ZH,8.0,695.0,10292041980.0,0.0,5.0,3.0,0.625,0.375,2.0,5.0,1.0,0.25,0.625,4356.0,952121.0,0.0
2017-08-31,578,BE,0.0,0.0,0.0,0.0,0.0,0.0,,,0.0,0.0,0.0,,,3180.9,622668.0,0.0
2017-08-31,578,LU,1.0,2.0,254.0,0.0,1.0,0.0,1.0,0.0,1.0,0.0,0.0,1.0,0.0,2629.7,252896.0,0.0
2017-08-31,578,SZ,0.0,0.0,0.0,0.0,0.0,0.0,,,0.0,0.0,0.0,,,3063.45,99111.0,0.0
2017-08-31,578,TI,2.0,12.0,916.0,0.0,1.0,1.0,0.5,0.5,0.0,1.0,1.0,0.0,0.5,4365.424999999999,210041.0,0.0
2017-08-31,578,VD,1.0,87.0,7823.0,0.0,1.0,0.0,1.0,0.0,0.0,1.0,0.0,0.0,1.0,4267.26,488905.0,0.0
2017-08-31,578,NE,0.0,0.0,0.0,0.0,0.0,0.0,,,0.0,0.0,0.0,,,3126.0,106567.0,0.0
2017-08-31,578,GE,0.0,0.0,0.0,0.0,0.0,0.0,,,0.0,0.0,0.0,,,4892.0,309359.0,0.0
,578,synth_ZG,20.57999038073274,,,,,,,,,,,,,,,
2017-09-30,608,ZG,18.0,519.0,202659736.0,0.0,12.0,6.0,0.6666666666666666,0.3333333333333333,8.0,6.0,3.0,0.4444444444444444,0.3333333333333333,2361.0,79087.0,0.0
2017-09-30,608,ZH,8.0,695.0,10292041980.0,0.0,5.0,3.0,0.625,0.375,2.0,5.0,1.0,0.25,0.625,4356.0,952121.0,0.0
2017-09-30,608,BE,0.0,0.0,0.0,0.0,0.0,0.0,,,0.0,0.0,0.0,,,3180.9,622668.0,0.0
2017-09-30,608,LU,1.0,2.0,254.0,0.0,1.0,0.0,1.0,0.0,1.0,0.0,0.0,1.0,0.0,2629.7,252896.0,0.0
2017-09-30,608,SZ,0.0,0.0,0.0,0.0,0.0,0.0,,,0.0,0.0,0.0,,,3063.45,99111.0,0.0
2017-09-30,608,TI,2.0,12.0,916.0,0.0,1.0,1.0,0.5,0.5,0.0,1.0,1.0,0.0,0.5,4365.424999999999,210041.0,0.0
2017-09-30,608,VD,1.0,87.0,7823.0,0.0,1.0,0.0,1.0,0.0,0.0,1.0,0.0,0.0,1.0,4267.26,488905.0,0.0
2017-09-30,608,NE,0.0,0.0,0.0,0.0,0.0,0.0,,,0.0,0.0,0.0,,,3126.0,106567.0,0.0
2017-09-30,608,GE,1.0,1.0,10.0,0.0,0.0,1.0,0.0,1.0,1.0,0.0,0.0,1.0,0.0,4892.0,309359.0,0.0
,608,synth_ZG,19.266691338652556,,,,,,,,,,,,,,,
2017-10-31,639,ZG,22.0,623.0,202666046.0,0.0,15.0,7.0,0.6818181818181818,0.3181818181818182,10.0,8.0,3.0,0.4545454545454545,0.3636363636363636,2361.0,79087.0,0.0
2017-10-31,639,ZH,10.0,718.0,10292043830.0,0.0,6.0,4.0,0.6,0.4,2.0,7.0,1.0,0.2,0.7,4356.0,952121.0,0.0
2017-10-31,639,BE,0.0,0.0,0.0,0.0,0.0,0.0,,,0.0,0.0,0.0,,,3180.9,622668.0,0.0
2017-10-31,639,LU,1.0,2.0,254.0,0.0,1.0,0.0,1.0,0.0,1.0,0.0,0.0,1.0,0.0,2629.7,252896.0,0.0
2017-10-31,639,SZ,0.0,0.0,0.0,0.0,0.0,0.0,,,0.0,0.0,0.0,,,3063.45,99111.0,0.0
2017-10-31,639,TI,2.0,12.0,916.0,0.0,1.0,1.0,0.5,0.5,0.0,1.0,1.0,0.0,0.5,4365.424999999999,210041.0,0.0
2017-10-31,639,VD,1.0,87.0,7823.0,0.0,1.0,0.0,1.0,0.0,0.0,1.0,0.0,0.0,1.0,4267.26,488905.0,0.0
2017-10-31,639,NE,0.0,0.0,0.0,0.0,0.0,0.0,,,0.0,0.0,0.0,,,3126.0,106567.0,0.0
2017-10-31,639,GE,1.0,1.0,10.0,0.0,0.0,1.0,0.0,1.0,1.0,0.0,0.0,1.0,0.0,4892.0,309359.0,0.0
,639,synth_ZG,23.950686708825614,,,,,,,,,,,,,,,
2017-11-30,669,ZG,25.0,659.0,202667651.0,0.0,17.0,8.0,0.68,0.32,11.0,9.0,4.0,0.44,0.36,2361.0,79087.0,0.0
2017-11-30,669,ZH,11.0,724.0,10292044108.0,0.0,7.0,4.0,0.6363636363636364,0.3636363636363636,3.0,7.0,1.0,0.2727272727272727,0.6363636363636364,4356.0,952121.0,0.0
2017-11-30,669,BE,0.0,0.0,0.0,0.0,0.0,0.0,,,0.0,0.0,0.0,,,3180.9,622668.0,0.0
2017-11-30,669,LU,1.0,2.0,254.0,0.0,1.0,0.0,1.0,0.0,1.0,0.0,0.0,1.0,0.0,2629.7,252896.0,0.0
2017-11-30,669,SZ,0.0,0.0,0.0,0.0,0.0,0.0,,,0.0,0.0,0.0,,,3063.45,99111.0,0.0
2017-11-30,669,TI,2.0,12.0,916.0,0.0,1.0,1.0,0.5,0.5,0.0,1.0,1.0,0.0,0.5,4365.424999999999,210041.0,0.0
2017-11-30,669,VD,2.0,87.0,250375.0,0.0,2.0,0.0,1.0,0.0,1.0,1.0,0.0,0.5,0.5,4267.26,488905.0,0.0
2017-11-30,669,NE,0.0,0.0,0.0,0.0,0.0,0.0,,,0.0,0.0,0.0,,,3126.0,106567.0,0.0
2017-11-30,669,GE,1.0,1.0,10.0,0.0,0.0,1.0,0.0,1.0,1.0,0.0,0.0,1.0,0.0,4892.0,309359.0,0.0
,669,synth_ZG,24.559300524657058,,,,,,,,,,,,,,,
2017-12-31,700,ZG,30.0,719.0,202677028.0,0.0,21.0,9.0,0.7,0.3,13.0,12.0,4.0,0.4333333333333333,0.4,2361.0,79087.0,0.0
2017-12-31,700,ZH,12.0,728.0,10292044288.0,0.0,8.0,4.0,0.6666666666666666,0.3333333333333333,3.0,7.0,2.0,0.25,0.5833333333333334,4356.0,952121.0,0.0
2017-12-31,700,BE,1.0,6.0,191.0,0.0,1.0,0.0,1.0,0.0,0.0,0.0,1.0,0.0,0.0,3180.9,622668.0,0.0
2017-12-31,700,LU,1.0,2.0,254.0,0.0,1.0,0.0,1.0,0.0,1.0,0.0,0.0,1.0,0.0,2629.7,252896.0,0.0
2017-12-31,700,SZ,0.0,0.0,0.0,0.0,0.0,0.0,,,0.0,0.0,0.0,,,3063.45,99111.0,0.0
2017-12-31,700,TI,2.0,12.0,916.0,0.0,1.0,1.0,0.5,0.5,0.0,1.0,1.0,0.0,0.5,4365.424999999999,210041.0,0.0
2017-12-31,700,VD,2.0,87.0,250375.0,0.0,2.0,0.0,1.0,0.0,1.0,1.0,0.0,0.5,0.5,4267.26,488905.0,0.0
2017-12-31,700,NE,0.0,0.0,0.0,0.0,0.0,0.0,,,0.0,0.0,0.0,,,3126.0,106567.0,0.0
2017-12-31,700,GE,1.0,1.0,10.0,0.0,0.0,1.0,0.0,1.0,1.0,0.0,0.0,1.0,0.0,4892.0,309359.0,0.0
,700,synth_ZG,25.507195383933386,,,,,,,,,,,,,,,
2018-01-31,731,ZG,32.0,749.0,202685653.0,0.0,23.0,9.0,0.71875,0.28125,14.0,13.0,4.0,0.4375,0.40625,2361.5,79597.0,0.0
2018-01-31,731,ZH,12.0,728.0,10292044288.0,0.0,8.0,4.0,0.6666666666666666,0.3333333333333333,3.0,7.0,2.0,0.25,0.5833333333333334,4356.0,962059.0,0.0
2018-01-31,731,BE,1.0,6.0,191.0,0.0,1.0,0.0,1.0,0.0,0.0,0.0,1.0,0.0,0.0,3180.9,622412.0,0.0
2018-01-31,731,LU,1.0,2.0,254.0,0.0,1.0,0.0,1.0,0.0,1.0,0.0,0.0,1.0,0.0,2629.7,254126.0,0.0
2018-01-31,731,SZ,0.0,0.0,0.0,0.0,0.0,0.0,,,0.0,0.0,0.0,,,3043.85,99947.0,0.0
2018-01-31,731,TI,3.0,12.0,918.0,0.0,1.0,2.0,0.3333333333333333,0.6666666666666666,0.0,2.0,1.0,0.0,0.6666666666666666,4340.75,209350.0,0.0
2018-01-31,731,VD,2.0,87.0,250375.0,0.0,2.0,0.0,1.0,0.0,1.0,1.0,0.0,0.5,0.5,4267.26,492075.0,0.0
2018-01-31,731,NE,0.0,0.0,0.0,0.0,0.0,0.0,,,0.0,0.0,0.0,,,3126.0,105812.0,0.0
2018-01-31,731,GE,1.0,1.0,10.0,0.0,0.0,1.0,0.0,1.0,1.0,0.0,0.0,1.0,0.0,4892.0,312012.0,0.0
,731,synth_ZG,27.00485065455948,,,,,,,,,,,,,,,
2018-02-28,759,ZG,37.0,799.0,202687979.0,2.0,24.0,11.0,0.6486486486486487,0.2972972972972973,16.0,15.0,5.0,0.4324324324324324,0.4054054054054054,2361.5,79597.0,0.0
2018-02-28,759,ZH,13.0,729.0,10294051399.0,1.0,8.0,4.0,0.6153846153846154,0.3076923076923077,4.0,7.0,2.0,0.3076923076923077,0.5384615384615384,4356.0,962059.0,0.0
2018-02-28,759,BE,1.0,6.0,191.0,0.0,1.0,0.0,1.0,0.0,0.0,0.0,1.0,0.0,0.0,3180.9,622412.0,0.0
2018-02-28,759,LU,1.0,2.0,254.0,0.0,1.0,0.0,1.0,0.0,1.0,0.0,0.0,1.0,0.0,2629.7,254126.0,0.0
2018-02-28,759,SZ,0.0,0.0,0.0,0.0,0.0,0.0,,,0.0,0.0,0.0,,,3043.85,99947.0,0.0
2018-02-28,759,TI,4.0,25.0,4594.0,0.0,2.0,2.0,0.5,0.5,0.0,2.0,2.0,0.0,0.5,4340.75,209350.0,0.0
2018-02-28,759,VD,2.0,87.0,250375.0,0.0,2.0,0.0,1.0,0.0,1.0,1.0,0.0,0.5,0.5,4267.26,492075.0,0.0
2018-02-28,759,NE,0.0,0.0,0.0,0.0,0.0,0.0,,,0.0,0.0,0.0,,,3126.0,105812.0,0.0
2018-02-28,759,GE,1.0,1.0,10.0,0.0,0.0,1.0,0.0,1.0,1.0,0.0,0.0,1.0,0.0,4892.0,312012.0,0.0
,759,synth_ZG,30.8445036102721,,,,,,,,,,,,,,,
2018-03-31,790,ZG,40.0,829.0,202691188.0,2.0,26.0,12.0,0.65,0.3,19.0,15.0,5.0,0.475,0.375,2361.5,79597.0,0.0
2018-03-31,790,ZH,15.0,739.0,10294053992.0,1.0,10.0,4.0,0.6666666666666666,0.2666666666666666,4.0,9.0,2.0,0.2666666666666666,0.6,4356.0,962059.0,0.0
2018-03-31,790,BE,1.0,6.0,191.0,0.0,1.0,0.0,1.0,0.0,0.0,0.0,1.0,0.0,0.0,3180.9,622412.0,0.0
2018-03-31,790,LU,1.0,2.0,254.0,0.0,1.0,0.0,1.0,0.0,1.0,0.0,0.0,1.0,0.0,2629.7,254126.0,0.0
2018-03-31,790,SZ,1.0,0.0,27.0,0.0,1.0,0.0,1.0,0.0,1.0,0.0,0.0,1.0,0.0,3043.85,99947.0,0.0
2018-03-31,790,TI,4.0,25.0,4594.0,0.0,2.0,2.0,0.5,0.5,0.0,2.0,2.0,0.0,0.5,4340.75,209350.0,0.0
2018-03-31,790,VD,2.0,87.0,250375.0,0.0,2.0,0.0,1.0,0.0,1.0,1.0,0.0,0.5,0.5,4267.26,492075.0,0.0
2018-03-31,790,NE,0.0,0.0,0.0,0.0,0.0,0.0,,,0.0,0.0,0.0,,,3126.0,105812.0,0.0
2018-03-31,790,GE,1.0,1.0,10.0,0.0,0.0,1.0,0.0,1.0,1.0,0.0,0.0,1.0,0.0,4892.0,312012.0,0.0
,790,synth_ZG,36.429820213289624,,,,,,,,,,,,,,,
2018-04-30,820,ZG,43.0,1026.0,202712093.0,3.0,28.0,12.0,0.6511627906976745,0.2790697674418604,20.0,15.0,7.0,0.4651162790697674,0.3488372093023256,2361.5,79597.0,0.0
2018-04-30,820,ZH,17.0,740.0,10294054117.0,1.0,10.0,6.0,0.5882352941176471,0.3529411764705882,6.0,9.0,2.0,0.3529411764705882,0.5294117647058824,4356.0,962059.0,0.0
2018-04-30,820,BE,1.0,6.0,191.0,0.0,1.0,0.0,1.0,0.0,0.0,0.0,1.0,0.0,0.0,3180.9,622412.0,0.0
2018-04-30,820,LU,1.0,2.0,254.0,0.0,1.0,0.0,1.0,0.0,1.0,0.0,0.0,1.0,0.0,2629.7,254126.0,0.0
2018-04-30,820,SZ,2.0,5.0,79.0,0.0,2.0,0.0,1.0,0.0,2.0,0.0,0.0,1.0,0.0,3043.85,99947.0,0.0
2018-04-30,820,TI,6.0,32.0,4836.0,0.0,4.0,2.0,0.6666666666666666,0.3333333333333333,0.0,3.0,3.0,0.0,0.5,4340.75,209350.0,0.0
2018-04-30,820,VD,2.0,87.0,250375.0,0.0,2.0,0.0,1.0,0.0,1.0,1.0,0.0,0.5,0.5,4267.26,492075.0,0.0
2018-04-30,820,NE,0.0,0.0,0.0,0.0,0.0,0.0,,,0.0,0.0,0.0,,,3126.0,105812.0,0.0
2018-04-30,820,GE,3.0,69.0,16099.0,0.0,2.0,1.0,0.6666666666666666,0.3333333333333333,3.0,0.0,0.0,1.0,0.0,4892.0,312012.0,0.0
,820,synth_ZG,42.383849273398965,,,,,,,,,,,,,,,
2018-05-31,851,ZG,48.0,1052.0,202714356.0,3.0,33.0,12.0,0.6875,0.25,23.0,16.0,8.0,0.4791666666666667,0.3333333333333333,2361.5,79597.0,0.0
2018-05-31,851,ZH,18.0,964.0,10296081160.0,1.0,11.0,6.0,0.6111111111111112,0.3333333333333333,7.0,9.0,2.0,0.3888888888888889,0.5,4356.0,962059.0,0.0
2018-05-31,851,BE,1.0,6.0,191.0,0.0,1.0,0.0,1.0,0.0,0.0,0.0,1.0,0.0,0.0,3180.9,622412.0,0.0
2018-05-31,851,LU,1.0,2.0,254.0,0.0,1.0,0.0,1.0,0.0,1.0,0.0,0.0,1.0,0.0,2629.7,254126.0,0.0
2018-05-31,851,SZ,2.0,5.0,79.0,0.0,2.0,0.0,1.0,0.0,2.0,0.0,0.0,1.0,0.0,3043.85,99947.0,0.0
2018-05-31,851,TI,8.0,51.0,36134.0,0.0,5.0,3.0,0.625,0.375,0.0,4.0,4.0,0.0,0.5,4340.75,209350.0,0.0
2018-05-31,851,VD,3.0,88.0,250466.0,0.0,3.0,0.0,1.0,0.0,2.0,1.0,0.0,0.6666666666666666,0.3333333333333333,4267.26,492075.0,0.0
2018-05-31,851,NE,0.0,0.0,0.0,0.0,0.0,0.0,,,0.0,0.0,0.0,,,3126.0,105812.0,0.0
2018-05-31,851,GE,3.0,69.0,16099.0,0.0,2.0,1.0,0.6666666666666666,0.3333333333333333,3.0,0.0,0.0,1.0,0.0,4892.0,312012.0,0.0
,851,synth_ZG,45.98777363048259,,,,,,,,,,,,,,,
2018-06-30,881,ZG,54.0,1289.0,203243520.0,3.0,39.0,12.0,0.7222222222222222,0.2222222222222222,23.0,21.0,9.0,0.4259259259259259,0.3888888888888889,2361.5,79597.0,0.0
2018-06-30,881,ZH,18.0,964.0,10296081160.0,1.0,11.0,6.0,0.6111111111111112,0.3333333333333333,7.0,9.0,2.0,0.3888888888888889,0.5,4356.0,962059.0,0.0
2018-06-30,881,BE,1.0,6.0,191.0,0.0,1.0,0.0,1.0,0.0,0.0,0.0,1.0,0.0,0.0,3180.9,622412.0,0.0
2018-06-30,881,LU,1.0,2.0,254.0,0.0,1.0,0.0,1.0,0.0,1.0,0.0,0.0,1.0,0.0,2629.7,254126.0,0.0
2018-06-30,881,SZ,2.0,5.0,79.0,0.0,2.0,0.0,1.0,0.0,2.0,0.0,0.0,1.0,0.0,3043.85,99947.0,0.0
2018-06-30,881,TI,9.0,54.0,36507.0,1.0,5.0,3.0,0.5555555555555556,0.3333333333333333,1.0,4.0,4.0,0.1111111111111111,0.4444444444444444,4340.75,209350.0,0.0
2018-06-30,881,VD,3.0,88.0,250466.0,0.0,3.0,0.0,1.0,0.0,2.0,1.0,0.0,0.6666666666666666,0.3333333333333333,4267.26,492075.0,0.0
2018-06-30,881,NE,0.0,0.0,0.0,0.0,0.0,0.0,,,0.0,0.0,0.0,,,3126.0,105812.0,0.0
2018-06-30,881,GE,3.0,69.0,16099.0,0.0,2.0,1.0,0.6666666666666666,0.3333333333333333,3.0,0.0,0.0,1.0,0.0,4892.0,312012.0,0.0
,881,synth_ZG,47.48542890110869,,,,,,,,,,,,,,,
2018-07-31,912,ZG,54.0,1289.0,203243520.0,3.0,39.0,12.0,0.7222222222222222,0.2222222222222222,23.0,21.0,9.0,0.4259259259259259,0.3888888888888889,2361.5,79597.0,0.0
2018-07-31,912,ZH,20.0,964.0,10296081264.0,1.0,11.0,8.0,0.55,0.4,9.0,9.0,2.0,0.45,0.45,4356.0,962059.0,0.0
2018-07-31,912,BE,2.0,7.0,215.0,0.0,1.0,1.0,0.5,0.5,0.0,0.0,2.0,0.0,0.0,3180.9,622412.0,0.0
2018-07-31,912,LU,1.0,2.0,254.0,0.0,1.0,0.0,1.0,0.0,1.0,0.0,0.0,1.0,0.0,2629.7,254126.0,0.0
2018-07-31,912,SZ,2.0,5.0,79.0,0.0,2.0,0.0,1.0,0.0,2.0,0.0,0.0,1.0,0.0,3043.85,99947.0,0.0
2018-07-31,912,TI,9.0,54.0,36507.0,1.0,5.0,3.0,0.5555555555555556,0.3333333333333333,1.0,4.0,4.0,0.1111111111111111,0.4444444444444444,4340.75,209350.0,0.0
2018-07-31,912,VD,3.0,88.0,250466.0,0.0,3.0,0.0,1.0,0.0,2.0,1.0,0.0,0.6666666666666666,0.3333333333333333,4267.26,492075.0,0.0
2018-07-31,912,NE,0.0,0.0,0.0,0.0,0.0,0.0,,,0.0,0.0,0.0,,,3126.0,105812.0,0.0
2018-07-31,912,GE,4.0,73.0,16752.0,0.0,2.0,2.0,0.5,0.5,4.0,0.0,0.0,1.0,0.0,4892.0,312012.0,0.0
,912,synth_ZG,49.462022403391366,,,,,,,,,,,,,,,
2018-08-31,943,ZG,56.0,1291.0,203247596.0,3.0,41.0,12.0,0.7321428571428571,0.2142857142857142,23.0,23.0,9.0,0.4107142857142857,0.4107142857142857,2361.5,79597.0,0.0
2018-08-31,943,ZH,21.0,1010.0,10296300330.0,1.0,12.0,8.0,0.5714285714285714,0.3809523809523809,10.0,9.0,2.0,0.4761904761904761,0.4285714285714285,4356.0,962059.0,0.0
2018-08-31,943,BE,2.0,7.0,215.0,0.0,1.0,1.0,0.5,0.5,0.0,0.0,2.0,0.0,0.0,3180.9,622412.0,0.0
2018-08-31,943,LU,1.0,2.0,254.0,0.0,1.0,0.0,1.0,0.0,1.0,0.0,0.0,1.0,0.0,2629.7,254126.0,0.0
2018-08-31,943,SZ,2.0,5.0,79.0,0.0,2.0,0.0,1.0,0.0,2.0,0.0,0.0,1.0,0.0,3043.85,99947.0,0.0
2018-08-31,943,TI,11.0,86.0,40031.0,2.0,5.0,4.0,0.4545454545454545,0.3636363636363636,1.0,5.0,5.0,0.0909090909090909,0.4545454545454545,4340.75,209350.0,0.0
2018-08-31,943,VD,3.0,88.0,250466.0,0.0,3.0,0.0,1.0,0.0,2.0,1.0,0.0,0.6666666666666666,0.3333333333333333,4267.26,492075.0,0.0
2018-08-31,943,NE,0.0,0.0,0.0,0.0,0.0,0.0,,,0.0,0.0,0.0,,,3126.0,105812.0,0.0
2018-08-31,943,GE,4.0,73.0,16752.0,0.0,2.0,2.0,0.5,0.5,4.0,0.0,0.0,1.0,0.0,4892.0,312012.0,0.0
,943,synth_ZG,54.79933062973007,,,,,,,,,,,,,,,
2018-09-30,973,ZG,57.0,1318.0,203248467.0,3.0,42.0,12.0,0.7368421052631579,0.2105263157894736,23.0,24.0,9.0,0.4035087719298245,0.4210526315789473,2361.5,79597.0,0.0
2018-09-30,973,ZH,21.0,1010.0,10296300330.0,1.0,12.0,8.0,0.5714285714285714,0.3809523809523809,10.0,9.0,2.0,0.4761904761904761,0.4285714285714285,4356.0,962059.0,0.0
2018-09-30,973,BE,2.0,7.0,215.0,0.0,1.0,1.0,0.5,0.5,0.0,0.0,2.0,0.0,0.0,3180.9,622412.0,0.0
2018-09-30,973,LU,1.0,2.0,254.0,0.0,1.0,0.0,1.0,0.0,1.0,0.0,0.0,1.0,0.0,2629.7,254126.0,0.0
2018-09-30,973,SZ,3.0,8.0,110.0,0.0,3.0,0.0,1.0,0.0,2.0,1.0,0.0,0.6666666666666666,0.3333333333333333,3043.85,99947.0,0.0
2018-09-30,973,TI,11.0,86.0,40031.0,2.0,5.0,4.0,0.4545454545454545,0.3636363636363636,1.0,5.0,5.0,0.0909090909090909,0.4545454545454545,4340.75,209350.0,0.0
2018-09-30,973,VD,3.0,88.0,250466.0,0.0,3.0,0.0,1.0,0.0,2.0,1.0,0.0,0.6666666666666666,0.3333333333333333,4267.26,492075.0,0.0
2018-09-30,973,NE,0.0,0.0,0.0,0.0,0.0,0.0,,,0.0,0.0,0.0,,,3126.0,105812.0,0.0
2018-09-30,973,GE,5.0,84.0,17670.0,0.0,3.0,2.0,0.6,0.4,5.0,0.0,0.0,1.0,0.0,4892.0,312012.0,0.0
,973,synth_ZG,54.38735282049437,,,,,,,,,,,,,,,
2018-10-31,1004,ZG,57.0,1318.0,203248467.0,3.0,42.0,12.0,0.7368421052631579,0.2105263157894736,23.0,24.0,9.0,0.4035087719298245,0.4210526315789473,2361.5,79597.0,0.0
2018-10-31,1004,ZH,22.0,1084.0,10296300687.0,1.0,12.0,9.0,0.5454545454545454,0.4090909090909091,11.0,9.0,2.0,0.5,0.4090909090909091,4356.0,962059.0,0.0
2018-10-31,1004,BE,2.0,7.0,215.0,0.0,1.0,1.0,0.5,0.5,0.0,0.0,2.0,0.0,0.0,3180.9,622412.0,0.0
2018-10-31,1004,LU,1.0,2.0,254.0,0.0,1.0,0.0,1.0,0.0,1.0,0.0,0.0,1.0,0.0,2629.7,254126.0,0.0
2018-10-31,1004,SZ,3.0,8.0,110.0,0.0,3.0,0.0,1.0,0.0,2.0,1.0,0.0,0.6666666666666666,0.3333333333333333,3043.85,99947.0,0.0
2018-10-31,1004,TI,11.0,86.0,40031.0,2.0,5.0,4.0,0.4545454545454545,0.3636363636363636,1.0,5.0,5.0,0.0909090909090909,0.4545454545454545,4340.75,209350.0,0.0
2018-10-31,1004,VD,3.0,88.0,250466.0,0.0,3.0,0.0,1.0,0.0,2.0,1.0,0.0,0.6666666666666666,0.3333333333333333,4267.26,492075.0,0.0
2018-10-31,1004,NE,2.0,19.0,8547.0,0.0,2.0,0.0,1.0,0.0,1.0,1.0,0.0,0.5,0.5,3126.0,105812.0,0.0
2018-10-31,1004,GE,7.0,86.0,20302.0,0.0,3.0,4.0,0.4285714285714285,0.5714285714285714,5.0,1.0,1.0,0.7142857142857143,0.1428571428571428,4892.0,312012.0,0.0
,1004,synth_ZG,54.33821106605899,,,,,,,,,,,,,,,
2018-11-30,1034,ZG,58.0,1326.0,203251516.0,3.0,43.0,12.0,0.7413793103448276,0.2068965517241379,24.0,24.0,9.0,0.4137931034482758,0.4137931034482758,2361.5,79597.0,0.0
2018-11-30,1034,ZH,22.0,1084.0,10296300687.0,1.0,12.0,9.0,0.5454545454545454,0.4090909090909091,11.0,9.0,2.0,0.5,0.4090909090909091,4356.0,962059.0,0.0
2018-11-30,1034,BE,2.0,7.0,215.0,0.0,1.0,1.0,0.5,0.5,0.0,0.0,2.0,0.0,0.0,3180.9,622412.0,0.0
2018-11-30,1034,LU,1.0,2.0,254.0,0.0,1.0,0.0,1.0,0.0,1.0,0.0,0.0,1.0,0.0,2629.7,254126.0,0.0
2018-11-30,1034,SZ,3.0,8.0,110.0,0.0,3.0,0.0,1.0,0.0,2.0,1.0,0.0,0.6666666666666666,0.3333333333333333,3043.85,99947.0,0.0
2018-11-30,1034,TI,11.0,86.0,40031.0,2.0,5.0,4.0,0.4545454545454545,0.3636363636363636,1.0,5.0,5.0,0.0909090909090909,0.4545454545454545,4340.75,209350.0,0.0
2018-11-30,1034,VD,3.0,88.0,250466.0,0.0,3.0,0.0,1.0,0.0,2.0,1.0,0.0,0.6666666666666666,0.3333333333333333,4267.26,492075.0,0.0
2018-11-30,1034,NE,2.0,19.0,8547.0,0.0,2.0,0.0,1.0,0.0,1.0,1.0,0.0,0.5,0.5,3126.0,105812.0,0.0
2018-11-30,1034,GE,7.0,86.0,20302.0,0.0,3.0,4.0,0.4285714285714285,0.5714285714285714,5.0,1.0,1.0,0.7142857142857143,0.1428571428571428,4892.0,312012.0,0.0
,1034,synth_ZG,54.33821106605899,,,,,,,,,,,,,,,
2018-12-31,1065,ZG,58.0,1326.0,203251516.0,3.0,43.0,12.0,0.7413793103448276,0.2068965517241379,24.0,24.0,9.0,0.4137931034482758,0.4137931034482758,2361.5,79597.0,0.0
2018-12-31,1065,ZH,23.0,1085.0,10296301069.0,1.0,12.0,10.0,0.5217391304347826,0.4347826086956521,11.0,10.0,2.0,0.4782608695652174,0.4347826086956521,4356.0,962059.0,0.0
2018-12-31,1065,BE,2.0,7.0,215.0,0.0,1.0,1.0,0.5,0.5,0.0,0.0,2.0,0.0,0.0,3180.9,622412.0,0.0
2018-12-31,1065,LU,1.0,2.0,254.0,0.0,1.0,0.0,1.0,0.0,1.0,0.0,0.0,1.0,0.0,2629.7,254126.0,0.0
2018-12-31,1065,SZ,3.0,8.0,110.0,0.0,3.0,0.0,1.0,0.0,2.0,1.0,0.0,0.6666666666666666,0.3333333333333333,3043.85,99947.0,0.0
2018-12-31,1065,TI,11.0,86.0,40031.0,2.0,5.0,4.0,0.4545454545454545,0.3636363636363636,1.0,5.0,5.0,0.0909090909090909,0.4545454545454545,4340.75,209350.0,0.0
2018-12-31,1065,VD,3.0,88.0,250466.0,0.0,3.0,0.0,1.0,0.0,2.0,1.0,0.0,0.6666666666666666,0.3333333333333333,4267.26,492075.0,0.0
2018-12-31,1065,NE,2.0,19.0,8547.0,0.0,2.0,0.0,1.0,0.0,1.0,1.0,0.0,0.5,0.5,3126.0,105812.0,0.0
2018-12-31,1065,GE,7.0,86.0,20302.0,0.0,3.0,4.0,0.4285714285714285,0.5714285714285714,5.0,1.0,1.0,0.7142857142857143,0.1428571428571428,4892.0,312012.0,0.0
,1065,synth_ZG,56.680208751145514,,,,,,,,,,,,,,,
2019-01-31,1096,ZG,59.0,1331.0,203251703.0,3.0,43.0,13.0,0.7288135593220338,0.2203389830508474,24.0,25.0,9.0,0.4067796610169492,0.423728813559322,2338.5,79665.0,0.0
2019-01-31,1096,ZH,23.0,1085.0,10296301069.0,1.0,12.0,10.0,0.5217391304347826,0.4347826086956521,11.0,10.0,2.0,0.4782608695652174,0.4347826086956521,4356.0,972784.0,0.0
2019-01-31,1096,BE,2.0,7.0,215.0,0.0,1.0,1.0,0.5,0.5,0.0,0.0,2.0,0.0,0.0,3179.65,622788.0,0.0
2019-01-31,1096,LU,1.0,2.0,254.0,0.0,1.0,0.0,1.0,0.0,1.0,0.0,0.0,1.0,0.0,2629.7,255571.0,0.0
2019-01-31,1096,SZ,3.0,8.0,110.0,0.0,3.0,0.0,1.0,0.0,2.0,1.0,0.0,0.6666666666666666,0.3333333333333333,3005.6,100405.0,0.0
2019-01-31,1096,TI,11.0,86.0,40031.0,2.0,5.0,4.0,0.4545454545454545,0.3636363636363636,1.0,5.0,5.0,0.0909090909090909,0.4545454545454545,4340.75,207648.0,0.0
2019-01-31,1096,VD,3.0,88.0,250466.0,0.0,3.0,0.0,1.0,0.0,2.0,1.0,0.0,0.6666666666666666,0.3333333333333333,2799.3946000000005,495399.0,0.0
2019-01-31,1096,NE,2.0,19.0,8547.0,0.0,2.0,0.0,1.0,0.0,1.0,1.0,0.0,0.5,0.5,3126.0,105527.0,0.0
2019-01-31,1096,GE,7.0,86.0,20302.0,0.0,3.0,4.0,0.4285714285714285,0.5714285714285714,5.0,1.0,1.0,0.7142857142857143,0.1428571428571428,4893.55,315296.0,0.0
,1096,synth_ZG,56.680208751145514,,,,,,,,,,,,,,,
2019-02-28,1124,ZG,59.0,1331.0,203251703.0,3.0,43.0,13.0,0.7288135593220338,0.2203389830508474,24.0,25.0,9.0,0.4067796610169492,0.423728813559322,2338.5,79665.0,0.0
2019-02-28,1124,ZH,24.0,1086.0,10296301072.0,1.0,13.0,10.0,0.5416666666666666,0.4166666666666667,11.0,10.0,3.0,0.4583333333333333,0.4166666666666667,4356.0,972784.0,0.0
2019-02-28,1124,BE,2.0,7.0,215.0,0.0,1.0,1.0,0.5,0.5,0.0,0.0,2.0,0.0,0.0,3179.65,622788.0,0.0
2019-02-28,1124,LU,1.0,2.0,254.0,0.0,1.0,0.0,1.0,0.0,1.0,0.0,0.0,1.0,0.0,2629.7,255571.0,0.0
2019-02-28,1124,SZ,3.0,8.0,110.0,0.0,3.0,0.0,1.0,0.0,2.0,1.0,0.0,0.6666666666666666,0.3333333333333333,3005.6,100405.0,0.0
2019-02-28,1124,TI,11.0,86.0,40031.0,2.0,5.0,4.0,0.4545454545454545,0.3636363636363636,1.0,5.0,5.0,0.0909090909090909,0.4545454545454545,4340.75,207648.0,0.0
2019-02-28,1124,VD,3.0,88.0,250466.0,0.0,3.0,0.0,1.0,0.0,2.0,1.0,0.0,0.6666666666666666,0.3333333333333333,2799.3946000000005,495399.0,0.0
2019-02-28,1124,NE,2.0,19.0,8547.0,0.0,2.0,0.0,1.0,0.0,1.0,1.0,0.0,0.5,0.5,3126.0,105527.0,0.0
2019-02-28,1124,GE,8.0,88.0,20405.0,0.0,3.0,5.0,0.375,0.625,5.0,1.0,2.0,0.625,0.125,4893.55,315296.0,0.0
,1124,synth_ZG,57.70890739415187,,,,,,,,,,,,,,,
2019-03-31,1155,ZG,62.0,1352.0,203252686.0,3.0,46.0,13.0,0.7419354838709677,0.2096774193548387,26.0,26.0,9.0,0.4193548387096774,0.4193548387096774,2338.5,79665.0,0.0
2019-03-31,1155,ZH,25.0,1100.0,10296308501.0,2.0,13.0,10.0,0.52,0.4,12.0,10.0,3.0,0.48,0.4,4356.0,972784.0,0.0
2019-03-31,1155,BE,2.0,7.0,215.0,0.0,1.0,1.0,0.5,0.5,0.0,0.0,2.0,0.0,0.0,3179.65,622788.0,0.0
2019-03-31,1155,LU,1.0,2.0,254.0,0.0,1.0,0.0,1.0,0.0,1.0,0.0,0.0,1.0,0.0,2629.7,255571.0,0.0
2019-03-31,1155,SZ,3.0,8.0,110.0,0.0,3.0,0.0,1.0,0.0,2.0,1.0,0.0,0.6666666666666666,0.3333333333333333,3005.6,100405.0,0.0
2019-03-31,1155,TI,11.0,86.0,40031.0,2.0,5.0,4.0,0.4545454545454545,0.3636363636363636,1.0,5.0,5.0,0.0909090909090909,0.4545454545454545,4340.75,207648.0,0.0
2019-03-31,1155,VD,3.0,88.0,250466.0,0.0,3.0,0.0,1.0,0.0,2.0,1.0,0.0,0.6666666666666666,0.3333333333333333,2799.3946000000005,495399.0,0.0
2019-03-31,1155,NE,2.0,19.0,8547.0,0.0,2.0,0.0,1.0,0.0,1.0,1.0,0.0,0.5,0.5,3126.0,105527.0,0.0
2019-03-31,1155,GE,8.0,88.0,20405.0,0.0,3.0,5.0,0.375,0.625,5.0,1.0,2.0,0.625,0.125,4893.55,315296.0,0.0
,1155,synth_ZG,60.05090507923838,,,,,,,,,,,,,,,
2019-04-30,1185,ZG,63.0,1355.0,203252759.0,3.0,47.0,13.0,0.746031746031746,0.2063492063492063,27.0,26.0,9.0,0.4285714285714285,0.4126984126984127,2338.5,79665.0,0.0
2019-04-30,1185,ZH,27.0,1117.0,10296310211.0,2.0,14.0,11.0,0.5185185185185185,0.4074074074074074,13.0,10.0,4.0,0.4814814814814814,0.3703703703703703,4356.0,972784.0,0.0
2019-04-30,1185,BE,2.0,7.0,215.0,0.0,1.0,1.0,0.5,0.5,0.0,0.0,2.0,0.0,0.0,3179.65,622788.0,0.0
2019-04-30,1185,LU,1.0,2.0,254.0,0.0,1.0,0.0,1.0,0.0,1.0,0.0,0.0,1.0,0.0,2629.7,255571.0,0.0
2019-04-30,1185,SZ,3.0,8.0,110.0,0.0,3.0,0.0,1.0,0.0,2.0,1.0,0.0,0.6666666666666666,0.3333333333333333,3005.6,100405.0,0.0
2019-04-30,1185,TI,11.0,86.0,40031.0,2.0,5.0,4.0,0.4545454545454545,0.3636363636363636,1.0,5.0,5.0,0.0909090909090909,0.4545454545454545,4340.75,207648.0,0.0
2019-04-30,1185,VD,3.0,88.0,250466.0,0.0,3.0,0.0,1.0,0.0,2.0,1.0,0.0,0.6666666666666666,0.3333333333333333,2799.3946000000005,495399.0,0.0
2019-04-30,1185,NE,2.0,19.0,8547.0,0.0,2.0,0.0,1.0,0.0,1.0,1.0,0.0,0.5,0.5,3126.0,105527.0,0.0
2019-04-30,1185,GE,9.0,88.0,20407.0,0.0,3.0,6.0,0.3333333333333333,0.6666666666666666,5.0,2.0,2.0,0.5555555555555556,0.2222222222222222,4893.55,315296.0,0.0
,1185,synth_ZG,63.421601407331266,,,,,,,,,,,,,,,
2019-05-31,1216,ZG,65.0,1387.0,203267109.0,3.0,49.0,13.0,0.7538461538461538,0.2,27.0,28.0,9.0,0.4153846153846154,0.4307692307692308,2338.5,79665.0,0.0
2019-05-31,1216,ZH,27.0,1117.0,10296310211.0,2.0,14.0,11.0,0.5185185185185185,0.4074074074074074,13.0,10.0,4.0,0.4814814814814814,0.3703703703703703,4356.0,972784.0,0.0
2019-05-31,1216,BE,2.0,7.0,215.0,0.0,1.0,1.0,0.5,0.5,0.0,0.0,2.0,0.0,0.0,3179.65,622788.0,0.0
2019-05-31,1216,LU,1.0,2.0,254.0,0.0,1.0,0.0,1.0,0.0,1.0,0.0,0.0,1.0,0.0,2629.7,255571.0,0.0
2019-05-31,1216,SZ,3.0,8.0,110.0,0.0,3.0,0.0,1.0,0.0,2.0,1.0,0.0,0.6666666666666666,0.3333333333333333,3005.6,100405.0,0.0
2019-05-31,1216,TI,11.0,86.0,40031.0,2.0,5.0,4.0,0.4545454545454545,0.3636363636363636,1.0,5.0,5.0,0.0909090909090909,0.4545454545454545,4340.75,207648.0,0.0
2019-05-31,1216,VD,3.0,88.0,250466.0,0.0,3.0,0.0,1.0,0.0,2.0,1.0,0.0,0.6666666666666666,0.3333333333333333,2799.3946000000005,495399.0,0.0
2019-05-31,1216,NE,3.0,19.0,8564.0,0.0,2.0,1.0,0.6666666666666666,0.3333333333333333,2.0,1.0,0.0,0.6666666666666666,0.3333333333333333,3126.0,105527.0,0.0
2019-05-31,1216,GE,9.0,88.0,20407.0,0.0,3.0,6.0,0.3333333333333333,0.6666666666666666,5.0,2.0,2.0,0.5555555555555556,0.2222222222222222,4893.55,315296.0,0.0
,1216,synth_ZG,63.53933072965049,,,,,,,,,,,,,,,
2019-06-30,1246,ZG,66.0,1405.0,203268109.0,3.0,50.0,13.0,0.7575757575757576,0.1969696969696969,28.0,28.0,9.0,0.4242424242424242,0.4242424242424242,2338.5,79665.0,0.0
2019-06-30,1246,ZH,27.0,1117.0,10296310211.0,2.0,14.0,11.0,0.5185185185185185,0.4074074074074074,13.0,10.0,4.0,0.4814814814814814,0.3703703703703703,4356.0,972784.0,0.0
2019-06-30,1246,BE,2.0,7.0,215.0,0.0,1.0,1.0,0.5,0.5,0.0,0.0,2.0,0.0,0.0,3179.65,622788.0,0.0
2019-06-30,1246,LU,1.0,2.0,254.0,0.0,1.0,0.0,1.0,0.0,1.0,0.0,0.0,1.0,0.0,2629.7,255571.0,0.0
2019-06-30,1246,SZ,3.0,8.0,110.0,0.0,3.0,0.0,1.0,0.0,2.0,1.0,0.0,0.6666666666666666,0.3333333333333333,3005.6,100405.0,0.0
2019-06-30,1246,TI,11.0,86.0,40031.0,2.0,5.0,4.0,0.4545454545454545,0.3636363636363636,1.0,5.0,5.0,0.0909090909090909,0.4545454545454545,4340.75,207648.0,0.0
2019-06-30,1246,VD,3.0,88.0,250466.0,0.0,3.0,0.0,1.0,0.0,2.0,1.0,0.0,0.6666666666666666,0.3333333333333333,2799.3946000000005,495399.0,0.0
2019-06-30,1246,NE,3.0,19.0,8564.0,0.0,2.0,1.0,0.6666666666666666,0.3333333333333333,2.0,1.0,0.0,0.6666666666666666,0.3333333333333333,3126.0,105527.0,0.0
2019-06-30,1246,GE,10.0,89.0,20668.0,1.0,3.0,6.0,0.3,0.6,5.0,2.0,3.0,0.5,0.2,4893.55,315296.0,0.0
,1246,synth_ZG,62.2260316875703,,,,,,,,,,,,,,,
2019-07-31,1277,ZG,70.0,1426.0,203269514.0,3.0,51.0,16.0,0.7285714285714285,0.2285714285714285,29.0,30.0,10.0,0.4142857142857143,0.4285714285714285,2338.5,79665.0,0.0
2019-07-31,1277,ZH,27.0,1117.0,10296310211.0,2.0,14.0,11.0,0.5185185185185185,0.4074074074074074,13.0,10.0,4.0,0.4814814814814814,0.3703703703703703,4356.0,972784.0,0.0
2019-07-31,1277,BE,2.0,7.0,215.0,0.0,1.0,1.0,0.5,0.5,0.0,0.0,2.0,0.0,0.0,3179.65,622788.0,0.0
2019-07-31,1277,LU,1.0,2.0,254.0,0.0,1.0,0.0,1.0,0.0,1.0,0.0,0.0,1.0,0.0,2629.7,255571.0,0.0
2019-07-31,1277,SZ,3.0,8.0,110.0,0.0,3.0,0.0,1.0,0.0,2.0,1.0,0.0,0.6666666666666666,0.3333333333333333,3005.6,100405.0,0.0
2019-07-31,1277,TI,12.0,90.0,44267.0,2.0,5.0,5.0,0.4166666666666667,0.4166666666666667,1.0,6.0,5.0,0.0833333333333333,0.5,4340.75,207648.0,0.0
2019-07-31,1277,VD,3.0,88.0,250466.0,0.0,3.0,0.0,1.0,0.0,2.0,1.0,0.0,0.6666666666666666,0.3333333333333333,2799.3946000000005,495399.0,0.0
2019-07-31,1277,NE,3.0,19.0,8564.0,0.0,2.0,1.0,0.6666666666666666,0.3333333333333333,2.0,1.0,0.0,0.6666666666666666,0.3333333333333333,3126.0,105527.0,0.0
2019-07-31,1277,GE,10.0,89.0,20668.0,1.0,3.0,6.0,0.3,0.6,5.0,2.0,3.0,0.5,0.2,4893.55,315296.0,0.0
,1277,synth_ZG,63.72368695819638,,,,,,,,,,,,,,,
2019-08-31,1308,ZG,70.0,1426.0,203269514.0,3.0,51.0,16.0,0.7285714285714285,0.2285714285714285,29.0,30.0,10.0,0.4142857142857143,0.4285714285714285,2338.5,79665.0,0.0
2019-08-31,1308,ZH,28.0,1128.0,10296310692.0,2.0,15.0,11.0,0.5357142857142857,0.3928571428571428,14.0,10.0,4.0,0.5,0.3571428571428571,4356.0,972784.0,0.0
2019-08-31,1308,BE,2.0,7.0,215.0,0.0,1.0,1.0,0.5,0.5,0.0,0.0,2.0,0.0,0.0,3179.65,622788.0,0.0
2019-08-31,1308,LU,1.0,2.0,254.0,0.0,1.0,0.0,1.0,0.0,1.0,0.0,0.0,1.0,0.0,2629.7,255571.0,0.0
2019-08-31,1308,SZ,3.0,8.0,110.0,0.0,3.0,0.0,1.0,0.0,2.0,1.0,0.0,0.6666666666666666,0.3333333333333333,3005.6,100405.0,0.0
2019-08-31,1308,TI,12.0,90.0,44267.0,2.0,5.0,5.0,0.4166666666666667,0.4166666666666667,1.0,6.0,5.0,0.0833333333333333,0.5,4340.75,207648.0,0.0
2019-08-31,1308,VD,3.0,88.0,250466.0,0.0,3.0,0.0,1.0,0.0,2.0,1.0,0.0,0.6666666666666666,0.3333333333333333,2799.3946000000005,495399.0,0.0
2019-08-31,1308,NE,3.0,19.0,8564.0,0.0,2.0,1.0,0.6666666666666666,0.3333333333333333,2.0,1.0,0.0,0.6666666666666666,0.3333333333333333,3126.0,105527.0,0.0
2019-08-31,1308,GE,10.0,89.0,20668.0,1.0,3.0,6.0,0.3,0.6,5.0,2.0,3.0,0.5,0.2,4893.55,315296.0,0.0
,1308,synth_ZG,66.06568464328292,,,,,,,,,,,,,,,
2019-09-30,1338,ZG,70.0,1426.0,203269514.0,3.0,51.0,16.0,0.7285714285714285,0.2285714285714285,29.0,30.0,10.0,0.4142857142857143,0.4285714285714285,2338.5,79665.0,0.0
2019-09-30,1338,ZH,28.0,1128.0,10296310692.0,2.0,15.0,11.0,0.5357142857142857,0.3928571428571428,14.0,10.0,4.0,0.5,0.3571428571428571,4356.0,972784.0,0.0
2019-09-30,1338,BE,2.0,7.0,215.0,0.0,1.0,1.0,0.5,0.5,0.0,0.0,2.0,0.0,0.0,3179.65,622788.0,0.0
2019-09-30,1338,LU,1.0,2.0,254.0,0.0,1.0,0.0,1.0,0.0,1.0,0.0,0.0,1.0,0.0,2629.7,255571.0,0.0
2019-09-30,1338,SZ,3.0,8.0,110.0,0.0,3.0,0.0,1.0,0.0,2.0,1.0,0.0,0.6666666666666666,0.3333333333333333,3005.6,100405.0,0.0
2019-09-30,1338,TI,12.0,90.0,44267.0,2.0,5.0,5.0,0.4166666666666667,0.4166666666666667,1.0,6.0,5.0,0.0833333333333333,0.5,4340.75,207648.0,0.0
2019-09-30,1338,VD,4.0,147.0,254415.0,0.0,4.0,0.0,1.0,0.0,3.0,1.0,0.0,0.75,0.25,2799.3946000000005,495399.0,0.0
2019-09-30,1338,NE,4.0,45.0,9182.0,0.0,3.0,1.0,0.75,0.25,2.0,2.0,0.0,0.5,0.5,3126.0,105527.0,0.0
2019-09-30,1338,GE,10.0,89.0,20668.0,1.0,3.0,6.0,0.3,0.6,5.0,2.0,3.0,0.5,0.2,4893.55,315296.0,0.0
,1338,synth_ZG,64.45003009634706,,,,,,,,,,,,,,,
2019-10-31,1369,ZG,70.0,1426.0,203269514.0,3.0,51.0,16.0,0.7285714285714285,0.2285714285714285,29.0,30.0,10.0,0.4142857142857143,0.4285714285714285,2338.5,79665.0,0.0
2019-10-31,1369,ZH,28.0,1128.0,10296310692.0,2.0,15.0,11.0,0.5357142857142857,0.3928571428571428,14.0,10.0,4.0,0.5,0.3571428571428571,4356.0,972784.0,0.0
2019-10-31,1369,BE,2.0,7.0,215.0,0.0,1.0,1.0,0.5,0.5,0.0,0.0,2.0,0.0,0.0,3179.65,622788.0,0.0
2019-10-31,1369,LU,1.0,2.0,254.0,0.0,1.0,0.0,1.0,0.0,1.0,0.0,0.0,1.0,0.0,2629.7,255571.0,0.0
2019-10-31,1369,SZ,4.0,11.0,10215.0,0.0,4.0,0.0,1.0,0.0,2.0,2.0,0.0,0.5,0.5,3005.6,100405.0,0.0
2019-10-31,1369,TI,12.0,90.0,44267.0,2.0,5.0,5.0,0.4166666666666667,0.4166666666666667,1.0,6.0,5.0,0.0833333333333333,0.5,4340.75,207648.0,0.0
2019-10-31,1369,VD,4.0,147.0,254415.0,0.0,4.0,0.0,1.0,0.0,3.0,1.0,0.0,0.75,0.25,2799.3946000000005,495399.0,0.0
2019-10-31,1369,NE,4.0,45.0,9182.0,0.0,3.0,1.0,0.75,0.25,2.0,2.0,0.0,0.5,0.5,3126.0,105527.0,0.0
2019-10-31,1369,GE,11.0,89.0,20678.0,2.0,3.0,6.0,0.2727272727272727,0.5454545454545454,5.0,2.0,4.0,0.4545454545454545,0.1818181818181818,4893.55,315296.0,0.0
,1369,synth_ZG,64.03805228711136,,,,,,,,,,,,,,,
2019-11-30,1399,ZG,70.0,1426.0,203269514.0,3.0,51.0,16.0,0.7285714285714285,0.2285714285714285,29.0,30.0,10.0,0.4142857142857143,0.4285714285714285,2338.5,79665.0,0.0
2019-11-30,1399,ZH,29.0,1136.0,10296311970.0,2.0,16.0,11.0,0.5517241379310345,0.3793103448275862,14.0,11.0,4.0,0.4827586206896552,0.3793103448275862,4356.0,972784.0,0.0
2019-11-30,1399,BE,2.0,7.0,215.0,0.0,1.0,1.0,0.5,0.5,0.0,0.0,2.0,0.0,0.0,3179.65,622788.0,0.0
2019-11-30,1399,LU,1.0,2.0,254.0,0.0,1.0,0.0,1.0,0.0,1.0,0.0,0.0,1.0,0.0,2629.7,255571.0,0.0
2019-11-30,1399,SZ,4.0,11.0,10215.0,0.0,4.0,0.0,1.0,0.0,2.0,2.0,0.0,0.5,0.5,3005.6,100405.0,0.0
2019-11-30,1399,TI,12.0,90.0,44267.0,2.0,5.0,5.0,0.4166666666666667,0.4166666666666667,1.0,6.0,5.0,0.0833333333333333,0.5,4340.75,207648.0,0.0
2019-11-30,1399,VD,4.0,147.0,254415.0,0.0,4.0,0.0,1.0,0.0,3.0,1.0,0.0,0.75,0.25,2799.3946000000005,495399.0,0.0
2019-11-30,1399,NE,4.0,45.0,9182.0,0.0,3.0,1.0,0.75,0.25,2.0,2.0,0.0,0.5,0.5,3126.0,105527.0,0.0
2019-11-30,1399,GE,11.0,89.0,20678.0,2.0,3.0,6.0,0.2727272727272727,0.5454545454545454,5.0,2.0,4.0,0.4545454545454545,0.1818181818181818,4893.55,315296.0,0.0
,1399,synth_ZG,66.38004997219788,,,,,,,,,,,,,,,
2019-12-31,1430,ZG,70.0,1426.0,203269514.0,3.0,51.0,16.0,0.7285714285714285,0.2285714285714285,29.0,30.0,10.0,0.4142857142857143,0.4285714285714285,2338.5,79665.0,0.0
2019-12-31,1430,ZH,30.0,1137.0,10296312013.0,2.0,16.0,12.0,0.5333333333333333,0.4,14.0,12.0,4.0,0.4666666666666667,0.4,4356.0,972784.0,0.0
2019-12-31,1430,BE,2.0,7.0,215.0,0.0,1.0,1.0,0.5,0.5,0.0,0.0,2.0,0.0,0.0,3179.65,622788.0,0.0
2019-12-31,1430,LU,1.0,2.0,254.0,0.0,1.0,0.0,1.0,0.0,1.0,0.0,0.0,1.0,0.0,2629.7,255571.0,0.0
2019-12-31,1430,SZ,4.0,11.0,10215.0,0.0,4.0,0.0,1.0,0.0,2.0,2.0,0.0,0.5,0.5,3005.6,100405.0,0.0
2019-12-31,1430,TI,12.0,90.0,44267.0,2.0,5.0,5.0,0.4166666666666667,0.4166666666666667,1.0,6.0,5.0,0.0833333333333333,0.5,4340.75,207648.0,0.0
2019-12-31,1430,VD,4.0,147.0,254415.0,0.0,4.0,0.0,1.0,0.0,3.0,1.0,0.0,0.75,0.25,2799.3946000000005,495399.0,0.0
2019-12-31,1430,NE,4.0,45.0,9182.0,0.0,3.0,1.0,0.75,0.25,2.0,2.0,0.0,0.5,0.5,3126.0,105527.0,0.0
2019-12-31,1430,GE,11.0,89.0,20678.0,2.0,3.0,6.0,0.2727272727272727,0.5454545454545454,5.0,2.0,4.0,0.4545454545454545,0.1818181818181818,4893.55,315296.0,0.0
,1430,synth_ZG,68.72204765728442,,,,,,,,,,,,,,,
2020-01-31,1461,ZG,70.0,1426.0,203269514.0,3.0,51.0,16.0,0.7285714285714285,0.2285714285714285,29.0,30.0,10.0,0.4142857142857143,0.4285714285714285,2848.8,80234.0,0.0
2020-01-31,1461,ZH,32.0,1137.0,10296323986.0,2.0,16.0,14.0,0.5,0.4375,15.0,12.0,5.0,0.46875,0.375,4356.0,980693.0,0.0
2020-01-31,1461,BE,2.0,7.0,215.0,0.0,1.0,1.0,0.5,0.5,0.0,0.0,2.0,0.0,0.0,3179.65,622565.0,0.0
2020-01-31,1461,LU,1.0,2.0,254.0,0.0,1.0,0.0,1.0,0.0,1.0,0.0,0.0,1.0,0.0,2629.7,256790.0,0.0
2020-01-31,1461,SZ,4.0,11.0,10215.0,0.0,4.0,0.0,1.0,0.0,2.0,2.0,0.0,0.5,0.5,2813.65,101197.0,0.0
2020-01-31,1461,TI,12.0,90.0,44267.0,2.0,5.0,5.0,0.4166666666666667,0.4166666666666667,1.0,6.0,5.0,0.0833333333333333,0.5,3864.11,207438.0,0.0
2020-01-31,1461,VD,4.0,147.0,254415.0,0.0,4.0,0.0,1.0,0.0,3.0,1.0,0.0,0.75,0.25,2806.466666666667,502049.0,0.0
2020-01-31,1461,NE,4.0,45.0,9182.0,0.0,3.0,1.0,0.75,0.25,2.0,2.0,0.0,0.5,0.5,2716.0,105285.0,0.0
2020-01-31,1461,GE,11.0,89.0,20678.0,2.0,3.0,6.0,0.2727272727272727,0.5454545454545454,5.0,2.0,4.0,0.4545454545454545,0.1818181818181818,2800.5,316942.0,0.0
,1461,synth_ZG,73.40604302745747,,,,,,,,,,,,,,,
2020-02-29,1490,ZG,70.0,1426.0,203269514.0,3.0,51.0,16.0,0.7285714285714285,0.2285714285714285,29.0,30.0,10.0,0.4142857142857143,0.4285714285714285,2848.8,80234.0,0.0
2020-02-29,1490,ZH,32.0,1137.0,10296323986.0,2.0,16.0,14.0,0.5,0.4375,15.0,12.0,5.0,0.46875,0.375,4356.0,980693.0,0.0
2020-02-29,1490,BE,2.0,7.0,215.0,0.0,1.0,1.0,0.5,0.5,0.0,0.0,2.0,0.0,0.0,3179.65,622565.0,0.0
2020-02-29,1490,LU,1.0,2.0,254.0,0.0,1.0,0.0,1.0,0.0,1.0,0.0,0.0,1.0,0.0,2629.7,256790.0,0.0
2020-02-29,1490,SZ,4.0,11.0,10215.0,0.0,4.0,0.0,1.0,0.0,2.0,2.0,0.0,0.5,0.5,2813.65,101197.0,0.0
2020-02-29,1490,TI,13.0,90.0,44393.0,2.0,5.0,6.0,0.3846153846153846,0.4615384615384615,1.0,7.0,5.0,0.0769230769230769,0.5384615384615384,3864.11,207438.0,0.0
2020-02-29,1490,VD,4.0,147.0,254415.0,0.0,4.0,0.0,1.0,0.0,3.0,1.0,0.0,0.75,0.25,2806.466666666667,502049.0,0.0
2020-02-29,1490,NE,4.0,45.0,9182.0,0.0,3.0,1.0,0.75,0.25,2.0,2.0,0.0,0.5,0.5,2716.0,105285.0,0.0
2020-02-29,1490,GE,11.0,89.0,20678.0,2.0,3.0,6.0,0.2727272727272727,0.5454545454545454,5.0,2.0,4.0,0.4545454545454545,0.1818181818181818,2800.5,316942.0,0.0
,1490,synth_ZG,74.90369829808357,,,,,,,,,,,,,,,
2020-03-31,1521,ZG,71.0,1432.0,203269884.0,3.0,52.0,16.0,0.7323943661971831,0.2253521126760563,30.0,30.0,10.0,0.4225352112676056,0.4225352112676056,2848.8,80234.0,0.0
2020-03-31,1521,ZH,32.0,1137.0,10296323986.0,2.0,16.0,14.0,0.5,0.4375,15.0,12.0,5.0,0.46875,0.375,4356.0,980693.0,0.0
2020-03-31,1521,BE,2.0,7.0,215.0,0.0,1.0,1.0,0.5,0.5,0.0,0.0,2.0,0.0,0.0,3179.65,622565.0,0.0
2020-03-31,1521,LU,1.0,2.0,254.0,0.0,1.0,0.0,1.0,0.0,1.0,0.0,0.0,1.0,0.0,2629.7,256790.0,0.0
2020-03-31,1521,SZ,4.0,11.0,10215.0,0.0,4.0,0.0,1.0,0.0,2.0,2.0,0.0,0.5,0.5,2813.65,101197.0,0.0
2020-03-31,1521,TI,13.0,90.0,44393.0,2.0,5.0,6.0,0.3846153846153846,0.4615384615384615,1.0,7.0,5.0,0.0769230769230769,0.5384615384615384,3864.11,207438.0,0.0
2020-03-31,1521,VD,4.0,147.0,254415.0,0.0,4.0,0.0,1.0,0.0,3.0,1.0,0.0,0.75,0.25,2806.466666666667,502049.0,0.0
2020-03-31,1521,NE,4.0,45.0,9182.0,0.0,3.0,1.0,0.75,0.25,2.0,2.0,0.0,0.5,0.5,2716.0,105285.0,0.0
2020-03-31,1521,GE,11.0,89.0,20678.0,2.0,3.0,6.0,0.2727272727272727,0.5454545454545454,5.0,2.0,4.0,0.4545454545454545,0.1818181818181818,2800.5,316942.0,0.0
,1521,synth_ZG,74.90369829808357,,,,,,,,,,,,,,,
2020-04-30,1551,ZG,72.0,1435.0,203269930.0,3.0,53.0,16.0,0.7361111111111112,0.2222222222222222,31.0,30.0,10.0,0.4305555555555556,0.4166666666666667,2848.8,80234.0,0.0
2020-04-30,1551,ZH,33.0,1232.0,10296326366.0,2.0,16.0,15.0,0.4848484848484848,0.4545454545454545,15.0,13.0,5.0,0.4545454545454545,0.3939393939393939,4356.0,980693.0,0.0
2020-04-30,1551,BE,3.0,16.0,243.0,0.0,1.0,2.0,0.3333333333333333,0.6666666666666666,1.0,0.0,2.0,0.3333333333333333,0.0,3179.65,622565.0,0.0
2020-04-30,1551,LU,1.0,2.0,254.0,0.0,1.0,0.0,1.0,0.0,1.0,0.0,0.0,1.0,0.0,2629.7,256790.0,0.0
2020-04-30,1551,SZ,4.0,11.0,10215.0,0.0,4.0,0.0,1.0,0.0,2.0,2.0,0.0,0.5,0.5,2813.65,101197.0,0.0
2020-04-30,1551,TI,13.0,90.0,44393.0,2.0,5.0,6.0,0.3846153846153846,0.4615384615384615,1.0,7.0,5.0,0.0769230769230769,0.5384615384615384,3864.11,207438.0,0.0
2020-04-30,1551,VD,4.0,147.0,254415.0,0.0,4.0,0.0,1.0,0.0,3.0,1.0,0.0,0.75,0.25,2806.466666666667,502049.0,0.0
2020-04-30,1551,NE,4.0,45.0,9182.0,0.0,3.0,1.0,0.75,0.25,2.0,2.0,0.0,0.5,0.5,2716.0,105285.0,0.0
2020-04-30,1551,GE,11.0,89.0,20678.0,2.0,3.0,6.0,0.2727272727272727,0.5454545454545454,5.0,2.0,4.0,0.4545454545454545,0.1818181818181818,2800.5,316942.0,0.0
,1551,synth_ZG,75.85159315735989,,,,,,,,,,,,,,,
2020-05-31,1582,ZG,72.0,1435.0,203269930.0,3.0,53.0,16.0,0.7361111111111112,0.2222222222222222,31.0,30.0,10.0,0.4305555555555556,0.4166666666666667,2848.8,80234.0,0.0
2020-05-31,1582,ZH,33.0,1232.0,10296326366.0,2.0,16.0,15.0,0.4848484848484848,0.4545454545454545,15.0,13.0,5.0,0.4545454545454545,0.3939393939393939,4356.0,980693.0,0.0
2020-05-31,1582,BE,3.0,16.0,243.0,0.0,1.0,2.0,0.3333333333333333,0.6666666666666666,1.0,0.0,2.0,0.3333333333333333,0.0,3179.65,622565.0,0.0
2020-05-31,1582,LU,1.0,2.0,254.0,0.0,1.0,0.0,1.0,0.0,1.0,0.0,0.0,1.0,0.0,2629.7,256790.0,0.0
2020-05-31,1582,SZ,4.0,11.0,10215.0,0.0,4.0,0.0,1.0,0.0,2.0,2.0,0.0,0.5,0.5,2813.65,101197.0,0.0
2020-05-31,1582,TI,14.0,95.0,45074.0,3.0,5.0,6.0,0.3571428571428571,0.4285714285714285,1.0,8.0,5.0,0.0714285714285714,0.5714285714285714,3864.11,207438.0,0.0
2020-05-31,1582,VD,4.0,147.0,254415.0,0.0,4.0,0.0,1.0,0.0,3.0,1.0,0.0,0.75,0.25,2806.466666666667,502049.0,0.0
2020-05-31,1582,NE,4.0,45.0,9182.0,0.0,3.0,1.0,0.75,0.25,2.0,2.0,0.0,0.5,0.5,2716.0,105285.0,0.0
2020-05-31,1582,GE,11.0,89.0,20678.0,2.0,3.0,6.0,0.2727272727272727,0.5454545454545454,5.0,2.0,4.0,0.4545454545454545,0.1818181818181818,2800.5,316942.0,0.0
,1582,synth_ZG,77.34924842798598,,,,,,,,,,,,,,,
2020-06-30,1612,ZG,75.0,1553.0,203285629.0,5.0,54.0,16.0,0.72,0.2133333333333333,32.0,32.0,10.0,0.4266666666666667,0.4266666666666667,2848.8,80234.0,0.0
2020-06-30,1612,ZH,33.0,1232.0,10296326366.0,2.0,16.0,15.0,0.4848484848484848,0.4545454545454545,15.0,13.0,5.0,0.4545454545454545,0.3939393939393939,4356.0,980693.0,0.0
2020-06-30,1612,BE,3.0,16.0,243.0,0.0,1.0,2.0,0.3333333333333333,0.6666666666666666,1.0,0.0,2.0,0.3333333333333333,0.0,3179.65,622565.0,0.0
2020-06-30,1612,LU,1.0,2.0,254.0,0.0,1.0,0.0,1.0,0.0,1.0,0.0,0.0,1.0,0.0,2629.7,256790.0,0.0
2020-06-30,1612,SZ,4.0,11.0,10215.0,0.0,4.0,0.0,1.0,0.0,2.0,2.0,0.0,0.5,0.5,2813.65,101197.0,0.0
2020-06-30,1612,TI,14.0,95.0,45074.0,3.0,5.0,6.0,0.3571428571428571,0.4285714285714285,1.0,8.0,5.0,0.0714285714285714,0.5714285714285714,3864.11,207438.0,0.0
2020-06-30,1612,VD,4.0,147.0,254415.0,0.0,4.0,0.0,1.0,0.0,3.0,1.0,0.0,0.75,0.25,2806.466666666667,502049.0,0.0
2020-06-30,1612,NE,5.0,46.0,9345.0,0.0,4.0,1.0,0.8,0.2,3.0,2.0,0.0,0.6,0.4,2716.0,105285.0,0.0
2020-06-30,1612,GE,11.0,89.0,20678.0,2.0,3.0,6.0,0.2727272727272727,0.5454545454545454,5.0,2.0,4.0,0.4545454545454545,0.1818181818181818,2800.5,316942.0,0.0
,1612,synth_ZG,77.4669777503052,,,,,,,,,,,,,,,
2020-07-31,1643,ZG,76.0,1553.0,203285629.0,5.0,54.0,17.0,0.7105263157894737,0.2236842105263158,32.0,32.0,10.0,0.4210526315789473,0.4210526315789473,2848.8,80234.0,0.0
2020-07-31,1643,ZH,33.0,1232.0,10296326366.0,2.0,16.0,15.0,0.4848484848484848,0.4545454545454545,15.0,13.0,5.0,0.4545454545454545,0.3939393939393939,4356.0,980693.0,0.0
2020-07-31,1643,BE,3.0,16.0,243.0,0.0,1.0,2.0,0.3333333333333333,0.6666666666666666,1.0,0.0,2.0,0.3333333333333333,0.0,3179.65,622565.0,0.0
2020-07-31,1643,LU,1.0,2.0,254.0,0.0,1.0,0.0,1.0,0.0,1.0,0.0,0.0,1.0,0.0,2629.7,256790.0,0.0
2020-07-31,1643,SZ,4.0,11.0,10215.0,0.0,4.0,0.0,1.0,0.0,2.0,2.0,0.0,0.5,0.5,2813.65,101197.0,0.0
2020-07-31,1643,TI,14.0,95.0,45074.0,3.0,5.0,6.0,0.3571428571428571,0.4285714285714285,1.0,8.0,5.0,0.0714285714285714,0.5714285714285714,3864.11,207438.0,0.0
2020-07-31,1643,VD,4.0,147.0,254415.0,0.0,4.0,0.0,1.0,0.0,3.0,1.0,0.0,0.75,0.25,2806.466666666667,502049.0,0.0
2020-07-31,1643,NE,5.0,46.0,9345.0,0.0,4.0,1.0,0.8,0.2,3.0,2.0,0.0,0.6,0.4,2716.0,105285.0,0.0
2020-07-31,1643,GE,11.0,89.0,20678.0,2.0,3.0,6.0,0.2727272727272727,0.5454545454545454,5.0,2.0,4.0,0.4545454545454545,0.1818181818181818,2800.5,316942.0,0.0
,1643,synth_ZG,77.4669777503052,,,,,,,,,,,,,,,
2020-08-31,1674,ZG,77.0,1555.0,203285858.0,5.0,54.0,18.0,0.7012987012987013,0.2337662337662337,33.0,32.0,10.0,0.4285714285714285,0.4155844155844156,2848.8,80234.0,0.0
2020-08-31,1674,ZH,33.0,1232.0,10296326366.0,2.0,16.0,15.0,0.4848484848484848,0.4545454545454545,15.0,13.0,5.0,0.4545454545454545,0.3939393939393939,4356.0,980693.0,0.0
2020-08-31,1674,BE,3.0,16.0,243.0,0.0,1.0,2.0,0.3333333333333333,0.6666666666666666,1.0,0.0,2.0,0.3333333333333333,0.0,3179.65,622565.0,0.0
2020-08-31,1674,LU,1.0,2.0,254.0,0.0,1.0,0.0,1.0,0.0,1.0,0.0,0.0,1.0,0.0,2629.7,256790.0,0.0
2020-08-31,1674,SZ,4.0,11.0,10215.0,0.0,4.0,0.0,1.0,0.0,2.0,2.0,0.0,0.5,0.5,2813.65,101197.0,0.0
2020-08-31,1674,TI,14.0,95.0,45074.0,3.0,5.0,6.0,0.3571428571428571,0.4285714285714285,1.0,8.0,5.0,0.0714285714285714,0.5714285714285714,3864.11,207438.0,0.0
2020-08-31,1674,VD,4.0,147.0,254415.0,0.0,4.0,0.0,1.0,0.0,3.0,1.0,0.0,0.75,0.25,2806.466666666667,502049.0,0.0
2020-08-31,1674,NE,5.0,46.0,9345.0,0.0,4.0,1.0,0.8,0.2,3.0,2.0,0.0,0.6,0.4,2716.0,105285.0,0.0
2020-08-31,1674,GE,11.0,89.0,20678.0,2.0,3.0,6.0,0.2727272727272727,0.5454545454545454,5.0,2.0,4.0,0.4545454545454545,0.1818181818181818,2800.5,316942.0,0.0
,1674,synth_ZG,77.4669777503052,,,,,,,,,,,,,,,
2020-09-30,1704,ZG,77.0,1555.0,203285858.0,5.0,54.0,18.0,0.7012987012987013,0.2337662337662337,33.0,32.0,10.0,0.4285714285714285,0.4155844155844156,2848.8,80234.0,0.0
2020-09-30,1704,ZH,33.0,1232.0,10296326366.0,2.0,16.0,15.0,0.4848484848484848,0.4545454545454545,15.0,13.0,5.0,0.4545454545454545,0.3939393939393939,4356.0,980693.0,0.0
2020-09-30,1704,BE,4.0,16.0,245.0,0.0,1.0,3.0,0.25,0.75,1.0,0.0,3.0,0.25,0.0,3179.65,622565.0,0.0
2020-09-30,1704,LU,1.0,2.0,254.0,0.0,1.0,0.0,1.0,0.0,1.0,0.0,0.0,1.0,0.0,2629.7,256790.0,0.0
2020-09-30,1704,SZ,4.0,11.0,10215.0,0.0,4.0,0.0,1.0,0.0,2.0,2.0,0.0,0.5,0.5,2813.65,101197.0,0.0
2020-09-30,1704,TI,14.0,95.0,45074.0,3.0,5.0,6.0,0.3571428571428571,0.4285714285714285,1.0,8.0,5.0,0.0714285714285714,0.5714285714285714,3864.11,207438.0,0.0
2020-09-30,1704,VD,4.0,147.0,254415.0,0.0,4.0,0.0,1.0,0.0,3.0,1.0,0.0,0.75,0.25,2806.466666666667,502049.0,0.0
2020-09-30,1704,NE,5.0,46.0,9345.0,0.0,4.0,1.0,0.8,0.2,3.0,2.0,0.0,0.6,0.4,2716.0,105285.0,0.0
2020-09-30,1704,GE,11.0,89.0,20678.0,2.0,3.0,6.0,0.2727272727272727,0.5454545454545454,5.0,2.0,4.0,0.4545454545454545,0.1818181818181818,2800.5,316942.0,0.0
,1704,synth_ZG,76.07287492449501,,,,,,,,,,,,,,,
2020-10-31,1735,ZG,78.0,1578.0,203589552.0,6.0,54.0,18.0,0.6923076923076923,0.2307692307692307,33.0,33.0,10.0,0.4230769230769231,0.4230769230769231,2848.8,80234.0,0.0
2020-10-31,1735,ZH,33.0,1232.0,10296326366.0,2.0,16.0,15.0,0.4848484848484848,0.4545454545454545,15.0,13.0,5.0,0.4545454545454545,0.3939393939393939,4356.0,980693.0,0.0
2020-10-31,1735,BE,4.0,16.0,245.0,0.0,1.0,3.0,0.25,0.75,1.0,0.0,3.0,0.25,0.0,3179.65,622565.0,0.0
2020-10-31,1735,LU,1.0,2.0,254.0,0.0,1.0,0.0,1.0,0.0,1.0,0.0,0.0,1.0,0.0,2629.7,256790.0,0.0
2020-10-31,1735,SZ,4.0,11.0,10215.0,0.0,4.0,0.0,1.0,0.0,2.0,2.0,0.0,0.5,0.5,2813.65,101197.0,0.0
2020-10-31,1735,TI,14.0,95.0,45074.0,3.0,5.0,6.0,0.3571428571428571,0.4285714285714285,1.0,8.0,5.0,0.0714285714285714,0.5714285714285714,3864.11,207438.0,0.0
2020-10-31,1735,VD,4.0,147.0,254415.0,0.0,4.0,0.0,1.0,0.0,3.0,1.0,0.0,0.75,0.25,2806.466666666667,502049.0,0.0
2020-10-31,1735,NE,5.0,46.0,9345.0,0.0,4.0,1.0,0.8,0.2,3.0,2.0,0.0,0.6,0.4,2716.0,105285.0,0.0
2020-10-31,1735,GE,11.0,89.0,20678.0,2.0,3.0,6.0,0.2727272727272727,0.5454545454545454,5.0,2.0,4.0,0.4545454545454545,0.1818181818181818,2800.5,316942.0,0.0
,1735,synth_ZG,76.07287492449501,,,,,,,,,,,,,,,
2020-11-30,1765,ZG,80.0,1586.0,203589954.0,6.0,56.0,18.0,0.7,0.225,34.0,33.0,11.0,0.425,0.4125,2848.8,80234.0,0.0
2020-11-30,1765,ZH,35.0,1242.0,10298346967.0,2.0,17.0,16.0,0.4857142857142857,0.4571428571428571,16.0,14.0,5.0,0.4571428571428571,0.4,4356.0,980693.0,0.0
2020-11-30,1765,BE,4.0,16.0,245.0,0.0,1.0,3.0,0.25,0.75,1.0,0.0,3.0,0.25,0.0,3179.65,622565.0,0.0
2020-11-30,1765,LU,2.0,4.0,269.0,0.0,2.0,0.0,1.0,0.0,2.0,0.0,0.0,1.0,0.0,2629.7,256790.0,0.0
2020-11-30,1765,SZ,4.0,11.0,10215.0,0.0,4.0,0.0,1.0,0.0,2.0,2.0,0.0,0.5,0.5,2813.65,101197.0,0.0
2020-11-30,1765,TI,14.0,95.0,45074.0,3.0,5.0,6.0,0.3571428571428571,0.4285714285714285,1.0,8.0,5.0,0.0714285714285714,0.5714285714285714,3864.11,207438.0,0.0
2020-11-30,1765,VD,4.0,147.0,254415.0,0.0,4.0,0.0,1.0,0.0,3.0,1.0,0.0,0.75,0.25,2806.466666666667,502049.0,0.0
2020-11-30,1765,NE,5.0,46.0,9345.0,0.0,4.0,1.0,0.8,0.2,3.0,2.0,0.0,0.6,0.4,2716.0,105285.0,0.0
2020-11-30,1765,GE,11.0,89.0,20678.0,2.0,3.0,6.0,0.2727272727272727,0.5454545454545454,5.0,2.0,4.0,0.4545454545454545,0.1818181818181818,2800.5,316942.0,0.0
,1765,synth_ZG,81.33895252271148,,,,,,,,,,,,,,,
2020-12-31,1796,ZG,82.0,1620.0,203590589.0,6.0,57.0,19.0,0.6951219512195121,0.2317073170731707,34.0,34.0,12.0,0.4146341463414634,0.4146341463414634,2848.8,80234.0,0.0
2020-12-31,1796,ZH,36.0,1262.0,10298347451.0,2.0,18.0,16.0,0.5,0.4444444444444444,16.0,14.0,6.0,0.4444444444444444,0.3888888888888889,4356.0,980693.0,0.0
2020-12-31,1796,BE,4.0,16.0,245.0,0.0,1.0,3.0,0.25,0.75,1.0,0.0,3.0,0.25,0.0,3179.65,622565.0,0.0
2020-12-31,1796,LU,2.0,4.0,269.0,0.0,2.0,0.0,1.0,0.0,2.0,0.0,0.0,1.0,0.0,2629.7,256790.0,0.0
2020-12-31,1796,SZ,4.0,11.0,10215.0,0.0,4.0,0.0,1.0,0.0,2.0,2.0,0.0,0.5,0.5,2813.65,101197.0,0.0
2020-12-31,1796,TI,15.0,97.0,45692.0,3.0,6.0,6.0,0.4,0.4,1.0,9.0,5.0,0.0666666666666666,0.6,3864.11,207438.0,0.0
2020-12-31,1796,VD,4.0,147.0,254415.0,0.0,4.0,0.0,1.0,0.0,3.0,1.0,0.0,0.75,0.25,2806.466666666667,502049.0,0.0
2020-12-31,1796,NE,5.0,46.0,9345.0,0.0,4.0,1.0,0.8,0.2,3.0,2.0,0.0,0.6,0.4,2716.0,105285.0,0.0
2020-12-31,1796,GE,11.0,89.0,20678.0,2.0,3.0,6.0,0.2727272727272727,0.5454545454545454,5.0,2.0,4.0,0.4545454545454545,0.1818181818181818,2800.5,316942.0,0.0
,1796,synth_ZG,85.1786054784241,,,,,,,,,,,,,,,
2021-01-31,1827,ZG,83.0,1620.0,203833140.0,6.0,58.0,19.0,0.6987951807228916,0.2289156626506024,35.0,34.0,12.0,0.4216867469879518,0.4096385542168674,2826.75,80641.0,1.0
2021-01-31,1827,ZH,36.0,1262.0,10298347451.0,2.0,18.0,16.0,0.5,0.4444444444444444,16.0,14.0,6.0,0.4444444444444444,0.3888888888888889,4072.0,984746.0,0.0
2021-01-31,1827,BE,4.0,16.0,245.0,0.0,1.0,3.0,0.25,0.75,1.0,0.0,3.0,0.25,0.0,3114.45,621199.0,0.0
2021-01-31,1827,LU,3.0,8.0,36288.0,0.0,2.0,1.0,0.6666666666666666,0.3333333333333333,2.0,0.0,1.0,0.6666666666666666,0.0,2629.7,258090.0,0.0
2021-01-31,1827,SZ,4.0,11.0,10215.0,0.0,4.0,0.0,1.0,0.0,2.0,2.0,0.0,0.5,0.5,2813.65,101748.0,0.0
2021-01-31,1827,TI,15.0,97.0,45692.0,3.0,6.0,6.0,0.4,0.4,1.0,9.0,5.0,0.0666666666666666,0.6,3864.11,207470.0,0.0
2021-01-31,1827,VD,4.0,147.0,254415.0,0.0,4.0,0.0,1.0,0.0,3.0,1.0,0.0,0.75,0.25,2800.7333333333336,506501.0,0.0
2021-01-31,1827,NE,5.0,46.0,9345.0,0.0,4.0,1.0,0.8,0.2,3.0,2.0,0.0,0.6,0.4,2716.0,105216.0,0.0
2021-01-31,1827,GE,11.0,89.0,20678.0,2.0,3.0,6.0,0.2727272727272727,0.5454545454545454,5.0,2.0,4.0,0.4545454545454545,0.1818181818181818,2867.3154375,317976.0,0.0
,1827,synth_ZG,85.76068770646752,,,,,,,,,,,,,,,
2021-02-28,1855,ZG,84.0,1621.0,203833141.0,6.0,58.0,20.0,0.6904761904761905,0.238095238095238,36.0,34.0,12.0,0.4285714285714285,0.4047619047619047,2826.75,80641.0,1.0
2021-02-28,1855,ZH,36.0,1262.0,10298347451.0,2.0,18.0,16.0,0.5,0.4444444444444444,16.0,14.0,6.0,0.4444444444444444,0.3888888888888889,4072.0,984746.0,0.0
2021-02-28,1855,BE,4.0,16.0,245.0,0.0,1.0,3.0,0.25,0.75,1.0,0.0,3.0,0.25,0.0,3114.45,621199.0,0.0
2021-02-28,1855,LU,4.0,9.0,36291.0,0.0,3.0,1.0,0.75,0.25,2.0,1.0,1.0,0.5,0.25,2629.7,258090.0,0.0
2021-02-28,1855,SZ,4.0,11.0,10215.0,0.0,4.0,0.0,1.0,0.0,2.0,2.0,0.0,0.5,0.5,2813.65,101748.0,0.0
2021-02-28,1855,TI,15.0,97.0,45692.0,3.0,6.0,6.0,0.4,0.4,1.0,9.0,5.0,0.0666666666666666,0.6,3864.11,207470.0,0.0
2021-02-28,1855,VD,4.0,147.0,254415.0,0.0,4.0,0.0,1.0,0.0,3.0,1.0,0.0,0.75,0.25,2800.7333333333336,506501.0,0.0
2021-02-28,1855,NE,5.0,46.0,9345.0,0.0,4.0,1.0,0.8,0.2,3.0,2.0,0.0,0.6,0.4,2716.0,105216.0,0.0
2021-02-28,1855,GE,11.0,89.0,20678.0,2.0,3.0,6.0,0.2727272727272727,0.5454545454545454,5.0,2.0,4.0,0.4545454545454545,0.1818181818181818,2867.3154375,317976.0,0.0
,1855,synth_ZG,86.34276993451094,,,,,,,,,,,,,,,
2021-03-31,1886,ZG,87.0,1631.0,203854729.0,6.0,59.0,22.0,0.6781609195402298,0.2528735632183908,36.0,34.0,15.0,0.4137931034482758,0.3908045977011494,2826.75,80641.0,1.0
2021-03-31,1886,ZH,37.0,1273.0,10298348130.0,2.0,19.0,16.0,0.5135135135135135,0.4324324324324324,16.0,15.0,6.0,0.4324324324324324,0.4054054054054054,4072.0,984746.0,0.0
2021-03-31,1886,BE,4.0,16.0,245.0,0.0,1.0,3.0,0.25,0.75,1.0,0.0,3.0,0.25,0.0,3114.45,621199.0,0.0
2021-03-31,1886,LU,4.0,9.0,36291.0,0.0,3.0,1.0,0.75,0.25,2.0,1.0,1.0,0.5,0.25,2629.7,258090.0,0.0
2021-03-31,1886,SZ,5.0,13.0,10220.0,0.0,4.0,1.0,0.8,0.2,2.0,3.0,0.0,0.4,0.6,2813.65,101748.0,0.0
2021-03-31,1886,TI,15.0,97.0,45692.0,3.0,6.0,6.0,0.4,0.4,1.0,9.0,5.0,0.0666666666666666,0.6,3864.11,207470.0,0.0
2021-03-31,1886,VD,5.0,147.0,254636.0,0.0,4.0,1.0,0.8,0.2,4.0,1.0,0.0,0.8,0.2,2800.7333333333336,506501.0,0.0
2021-03-31,1886,NE,5.0,46.0,9345.0,0.0,4.0,1.0,0.8,0.2,3.0,2.0,0.0,0.6,0.4,2716.0,105216.0,0.0
2021-03-31,1886,GE,11.0,89.0,20678.0,2.0,3.0,6.0,0.2727272727272727,0.5454545454545454,5.0,2.0,4.0,0.4545454545454545,0.1818181818181818,2867.3154375,317976.0,0.0
,1886,synth_ZG,87.85270498318685,,,,,,,,,,,,,,,
2021-04-30,1916,ZG,88.0,1665.0,203886484.0,6.0,60.0,22.0,0.6818181818181818,0.25,36.0,35.0,15.0,0.4090909090909091,0.3977272727272727,2826.75,80641.0,1.0
2021-04-30,1916,ZH,38.0,1274.0,10298348168.0,2.0,19.0,17.0,0.5,0.4473684210526316,16.0,15.0,7.0,0.4210526315789473,0.3947368421052631,4072.0,984746.0,0.0
2021-04-30,1916,BE,4.0,16.0,245.0,0.0,1.0,3.0,0.25,0.75,1.0,0.0,3.0,0.25,0.0,3114.45,621199.0,0.0
2021-04-30,1916,LU,4.0,9.0,36291.0,0.0,3.0,1.0,0.75,0.25,2.0,1.0,1.0,0.5,0.25,2629.7,258090.0,0.0
2021-04-30,1916,SZ,5.0,13.0,10220.0,0.0,4.0,1.0,0.8,0.2,2.0,3.0,0.0,0.4,0.6,2813.65,101748.0,0.0
2021-04-30,1916,TI,15.0,97.0,45692.0,3.0,6.0,6.0,0.4,0.4,1.0,9.0,5.0,0.0666666666666666,0.6,3864.11,207470.0,0.0
2021-04-30,1916,VD,5.0,147.0,254636.0,0.0,4.0,1.0,0.8,0.2,4.0,1.0,0.0,0.8,0.2,2800.7333333333336,506501.0,0.0
2021-04-30,1916,NE,5.0,46.0,9345.0,0.0,4.0,1.0,0.8,0.2,3.0,2.0,0.0,0.6,0.4,2716.0,105216.0,0.0
2021-04-30,1916,GE,11.0,89.0,20678.0,2.0,3.0,6.0,0.2727272727272727,0.5454545454545454,5.0,2.0,4.0,0.4545454545454545,0.1818181818181818,2867.3154375,317976.0,0.0
,1916,synth_ZG,90.19470266827338,,,,,,,,,,,,,,,
2021-05-31,1947,ZG,91.0,1719.0,203889123.0,6.0,62.0,23.0,0.6813186813186813,0.2527472527472527,38.0,36.0,15.0,0.4175824175824176,0.3956043956043956,2826.75,80641.0,1.0
2021-05-31,1947,ZH,40.0,1281.0,10298369751.0,2.0,21.0,17.0,0.525,0.425,17.0,16.0,7.0,0.425,0.4,4072.0,984746.0,0.0
2021-05-31,1947,BE,4.0,16.0,245.0,0.0,1.0,3.0,0.25,0.75,1.0,0.0,3.0,0.25,0.0,3114.45,621199.0,0.0
2021-05-31,1947,LU,4.0,9.0,36291.0,0.0,3.0,1.0,0.75,0.25,2.0,1.0,1.0,0.5,0.25,2629.7,258090.0,0.0
2021-05-31,1947,SZ,5.0,13.0,10220.0,0.0,4.0,1.0,0.8,0.2,2.0,3.0,0.0,0.4,0.6,2813.65,101748.0,0.0
2021-05-31,1947,TI,15.0,97.0,45692.0,3.0,6.0,6.0,0.4,0.4,1.0,9.0,5.0,0.0666666666666666,0.6,3864.11,207470.0,0.0
2021-05-31,1947,VD,5.0,147.0,254636.0,0.0,4.0,1.0,0.8,0.2,4.0,1.0,0.0,0.8,0.2,2800.7333333333336,506501.0,0.0
2021-05-31,1947,NE,5.0,46.0,9345.0,0.0,4.0,1.0,0.8,0.2,3.0,2.0,0.0,0.6,0.4,2716.0,105216.0,0.0
2021-05-31,1947,GE,11.0,89.0,20678.0,2.0,3.0,6.0,0.2727272727272727,0.5454545454545454,5.0,2.0,4.0,0.4545454545454545,0.1818181818181818,2867.3154375,317976.0,0.0
,1947,synth_ZG,94.87869803844644,,,,,,,,,,,,,,,
2021-06-30,1977,ZG,94.0,1738.0,204131926.0,6.0,64.0,24.0,0.6808510638297872,0.2553191489361702,40.0,37.0,15.0,0.425531914893617,0.3936170212765957,2826.75,80641.0,1.0
2021-06-30,1977,ZH,42.0,1294.0,10298402696.0,3.0,22.0,17.0,0.5238095238095238,0.4047619047619047,18.0,17.0,7.0,0.4285714285714285,0.4047619047619047,4072.0,984746.0,0.0
2021-06-30,1977,BE,4.0,16.0,245.0,0.0,1.0,3.0,0.25,0.75,1.0,0.0,3.0,0.25,0.0,3114.45,621199.0,0.0
2021-06-30,1977,LU,4.0,9.0,36291.0,0.0,3.0,1.0,0.75,0.25,2.0,1.0,1.0,0.5,0.25,2629.7,258090.0,0.0
2021-06-30,1977,SZ,5.0,13.0,10220.0,0.0,4.0,1.0,0.8,0.2,2.0,3.0,0.0,0.4,0.6,2813.65,101748.0,0.0
2021-06-30,1977,TI,15.0,97.0,45692.0,3.0,6.0,6.0,0.4,0.4,1.0,9.0,5.0,0.0666666666666666,0.6,3864.11,207470.0,0.0
2021-06-30,1977,VD,6.0,149.0,255744.0,0.0,4.0,2.0,0.6666666666666666,0.3333333333333333,5.0,1.0,0.0,0.8333333333333334,0.1666666666666666,2800.7333333333336,506501.0,0.0
2021-06-30,1977,NE,5.0,46.0,9345.0,0.0,4.0,1.0,0.8,0.2,3.0,2.0,0.0,0.6,0.4,2716.0,105216.0,0.0
2021-06-30,1977,GE,11.0,89.0,20678.0,2.0,3.0,6.0,0.2727272727272727,0.5454545454545454,5.0,2.0,4.0,0.4545454545454545,0.1818181818181818,2867.3154375,317976.0,0.0
,1977,synth_ZG,97.8293095393644,,,,,,,,,,,,,,,
2021-07-31,2008,ZG,95.0,1739.0,204132020.0,6.0,64.0,25.0,0.6736842105263158,0.2631578947368421,40.0,38.0,15.0,0.4210526315789473,0.4,2826.75,80641.0,1.0
2021-07-31,2008,ZH,42.0,1294.0,10298402696.0,3.0,22.0,17.0,0.5238095238095238,0.4047619047619047,18.0,17.0,7.0,0.4285714285714285,0.4047619047619047,4072.0,984746.0,0.0
2021-07-31,2008,BE,4.0,16.0,245.0,0.0,1.0,3.0,0.25,0.75,1.0,0.0,3.0,0.25,0.0,3114.45,621199.0,0.0
2021-07-31,2008,LU,4.0,9.0,36291.0,0.0,3.0,1.0,0.75,0.25,2.0,1.0,1.0,0.5,0.25,2629.7,258090.0,0.0
2021-07-31,2008,SZ,5.0,13.0,10220.0,0.0,4.0,1.0,0.8,0.2,2.0,3.0,0.0,0.4,0.6,2813.65,101748.0,0.0
2021-07-31,2008,TI,15.0,97.0,45692.0,3.0,6.0,6.0,0.4,0.4,1.0,9.0,5.0,0.0666666666666666,0.6,3864.11,207470.0,0.0
2021-07-31,2008,VD,6.0,149.0,255744.0,0.0,4.0,2.0,0.6666666666666666,0.3333333333333333,5.0,1.0,0.0,0.8333333333333334,0.1666666666666666,2800.7333333333336,506501.0,0.0
2021-07-31,2008,NE,6.0,48.0,840158.0,0.0,5.0,1.0,0.8333333333333334,0.1666666666666666,3.0,3.0,0.0,0.5,0.5,2716.0,105216.0,0.0
2021-07-31,2008,GE,12.0,91.0,20859.0,2.0,3.0,7.0,0.25,0.5833333333333334,5.0,3.0,4.0,0.4166666666666667,0.25,2867.3154375,317976.0,0.0
,2008,synth_ZG,96.63373981960343,,,,,,,,,,,,,,,
2021-08-31,2039,ZG,96.0,1743.0,204132128.0,6.0,65.0,25.0,0.6770833333333334,0.2604166666666667,40.0,38.0,16.0,0.4166666666666667,0.3958333333333333,2826.75,80641.0,1.0
2021-08-31,2039,ZH,42.0,1294.0,10298402696.0,3.0,22.0,17.0,0.5238095238095238,0.4047619047619047,18.0,17.0,7.0,0.4285714285714285,0.4047619047619047,4072.0,984746.0,0.0
2021-08-31,2039,BE,4.0,16.0,245.0,0.0,1.0,3.0,0.25,0.75,1.0,0.0,3.0,0.25,0.0,3114.45,621199.0,0.0
2021-08-31,2039,LU,4.0,9.0,36291.0,0.0,3.0,1.0,0.75,0.25,2.0,1.0,1.0,0.5,0.25,2629.7,258090.0,0.0
2021-08-31,2039,SZ,5.0,13.0,10220.0,0.0,4.0,1.0,0.8,0.2,2.0,3.0,0.0,0.4,0.6,2813.65,101748.0,0.0
2021-08-31,2039,TI,15.0,97.0,45692.0,3.0,6.0,6.0,0.4,0.4,1.0,9.0,5.0,0.0666666666666666,0.6,3864.11,207470.0,0.0
2021-08-31,2039,VD,7.0,149.0,255752.0,0.0,5.0,2.0,0.7142857142857143,0.2857142857142857,5.0,1.0,1.0,0.7142857142857143,0.1428571428571428,2800.7333333333336,506501.0,0.0
2021-08-31,2039,NE,6.0,48.0,840158.0,0.0,5.0,1.0,0.8333333333333334,0.1666666666666666,3.0,3.0,0.0,0.5,0.5,2716.0,105216.0,0.0
2021-08-31,2039,GE,12.0,91.0,20859.0,2.0,3.0,7.0,0.25,0.5833333333333334,5.0,3.0,4.0,0.4166666666666667,0.25,2867.3154375,317976.0,0.0
,2039,synth_ZG,94.90035595034836,,,,,,,,,,,,,,,
2021-09-30,2069,ZG,99.0,1792.0,204136693.0,6.0,68.0,25.0,0.6868686868686869,0.2525252525252525,42.0,39.0,16.0,0.4242424242424242,0.3939393939393939,2826.75,80641.0,1.0
2021-09-30,2069,ZH,44.0,1312.0,10298404412.0,5.0,22.0,17.0,0.5,0.3863636363636363,19.0,17.0,8.0,0.4318181818181818,0.3863636363636363,4072.0,984746.0,0.0
2021-09-30,2069,BE,4.0,16.0,245.0,0.0,1.0,3.0,0.25,0.75,1.0,0.0,3.0,0.25,0.0,3114.45,621199.0,0.0
2021-09-30,2069,LU,4.0,9.0,36291.0,0.0,3.0,1.0,0.75,0.25,2.0,1.0,1.0,0.5,0.25,2629.7,258090.0,0.0
2021-09-30,2069,SZ,5.0,13.0,10220.0,0.0,4.0,1.0,0.8,0.2,2.0,3.0,0.0,0.4,0.6,2813.65,101748.0,0.0
2021-09-30,2069,TI,15.0,97.0,45692.0,3.0,6.0,6.0,0.4,0.4,1.0,9.0,5.0,0.0666666666666666,0.6,3864.11,207470.0,0.0
2021-09-30,2069,VD,7.0,149.0,255752.0,0.0,5.0,2.0,0.7142857142857143,0.2857142857142857,5.0,1.0,1.0,0.7142857142857143,0.1428571428571428,2800.7333333333336,506501.0,0.0
2021-09-30,2069,NE,6.0,48.0,840158.0,0.0,5.0,1.0,0.8333333333333334,0.1666666666666666,3.0,3.0,0.0,0.5,0.5,2716.0,105216.0,0.0
2021-09-30,2069,GE,13.0,92.0,20932.0,3.0,3.0,7.0,0.2307692307692307,0.5384615384615384,5.0,3.0,5.0,0.3846153846153846,0.2307692307692307,2867.3154375,317976.0,0.0
,2069,synth_ZG,98.27105227844123,,,,,,,,,,,,,,,
2021-10-31,2100,ZG,100.0,1794.0,204154849.0,6.0,69.0,25.0,0.69,0.25,42.0,39.0,17.0,0.42,0.39,2826.75,80641.0,1.0
2021-10-31,2100,ZH,46.0,1326.0,12460566550.0,5.0,23.0,18.0,0.5,0.391304347826087,21.0,17.0,8.0,0.4565217391304347,0.3695652173913043,4072.0,984746.0,0.0
2021-10-31,2100,BE,4.0,16.0,245.0,0.0,1.0,3.0,0.25,0.75,1.0,0.0,3.0,0.25,0.0,3114.45,621199.0,0.0
2021-10-31,2100,LU,4.0,9.0,36291.0,0.0,3.0,1.0,0.75,0.25,2.0,1.0,1.0,0.5,0.25,2629.7,258090.0,0.0
2021-10-31,2100,SZ,5.0,13.0,10220.0,0.0,4.0,1.0,0.8,0.2,2.0,3.0,0.0,0.4,0.6,2813.65,101748.0,0.0
2021-10-31,2100,TI,15.0,97.0,45692.0,3.0,6.0,6.0,0.4,0.4,1.0,9.0,5.0,0.0666666666666666,0.6,3864.11,207470.0,0.0
2021-10-31,2100,VD,7.0,149.0,255752.0,0.0,5.0,2.0,0.7142857142857143,0.2857142857142857,5.0,1.0,1.0,0.7142857142857143,0.1428571428571428,2800.7333333333336,506501.0,0.0
2021-10-31,2100,NE,6.0,48.0,840158.0,0.0,5.0,1.0,0.8333333333333334,0.1666666666666666,3.0,3.0,0.0,0.5,0.5,2716.0,105216.0,0.0
2021-10-31,2100,GE,14.0,164.0,52076.0,3.0,4.0,7.0,0.2857142857142857,0.5,6.0,3.0,5.0,0.4285714285714285,0.2142857142857142,2867.3154375,317976.0,0.0
,2100,synth_ZG,101.64174860653411,,,,,,,,,,,,,,,
2021-11-30,2130,ZG,101.0,1801.0,204155050.0,6.0,69.0,26.0,0.6831683168316832,0.2574257425742574,42.0,39.0,18.0,0.4158415841584158,0.3861386138613861,2826.75,80641.0,1.0
2021-11-30,2130,ZH,47.0,1330.0,12460572564.0,6.0,23.0,18.0,0.4893617021276595,0.3829787234042553,21.0,18.0,8.0,0.4468085106382978,0.3829787234042553,4072.0,984746.0,0.0
2021-11-30,2130,BE,4.0,16.0,245.0,0.0,1.0,3.0,0.25,0.75,1.0,0.0,3.0,0.25,0.0,3114.45,621199.0,0.0
2021-11-30,2130,LU,4.0,9.0,36291.0,0.0,3.0,1.0,0.75,0.25,2.0,1.0,1.0,0.5,0.25,2629.7,258090.0,0.0
2021-11-30,2130,SZ,5.0,13.0,10220.0,0.0,4.0,1.0,0.8,0.2,2.0,3.0,0.0,0.4,0.6,2813.65,101748.0,0.0
2021-11-30,2130,TI,16.0,100.0,48794.0,3.0,6.0,7.0,0.375,0.4375,1.0,10.0,5.0,0.0625,0.625,3864.11,207470.0,0.0
2021-11-30,2130,VD,7.0,149.0,255752.0,0.0,5.0,2.0,0.7142857142857143,0.2857142857142857,5.0,1.0,1.0,0.7142857142857143,0.1428571428571428,2800.7333333333336,506501.0,0.0
2021-11-30,2130,NE,6.0,48.0,840158.0,0.0,5.0,1.0,0.8333333333333334,0.1666666666666666,3.0,3.0,0.0,0.5,0.5,2716.0,105216.0,0.0
2021-11-30,2130,GE,14.0,164.0,52076.0,3.0,4.0,7.0,0.2857142857142857,0.5,6.0,3.0,5.0,0.4285714285714285,0.2142857142857142,2867.3154375,317976.0,0.0
,2130,synth_ZG,105.48140156224672,,,,,,,,,,,,,,,
2021-12-31,2161,ZG,107.0,1878.0,204160546.0,7.0,74.0,26.0,0.6915887850467289,0.2429906542056074,44.0,42.0,19.0,0.411214953271028,0.3925233644859813,2826.75,80641.0,1.0
2021-12-31,2161,ZH,48.0,1330.0,12460572691.0,7.0,23.0,18.0,0.4791666666666667,0.375,21.0,18.0,9.0,0.4375,0.375,4072.0,984746.0,0.0
2021-12-31,2161,BE,4.0,16.0,245.0,0.0,1.0,3.0,0.25,0.75,1.0,0.0,3.0,0.25,0.0,3114.45,621199.0,0.0
2021-12-31,2161,LU,4.0,9.0,36291.0,0.0,3.0,1.0,0.75,0.25,2.0,1.0,1.0,0.5,0.25,2629.7,258090.0,0.0
2021-12-31,2161,SZ,5.0,13.0,10220.0,0.0,4.0,1.0,0.8,0.2,2.0,3.0,0.0,0.4,0.6,2813.65,101748.0,0.0
2021-12-31,2161,TI,17.0,104.0,48995.0,3.0,7.0,7.0,0.4117647058823529,0.4117647058823529,1.0,11.0,5.0,0.0588235294117647,0.6470588235294118,3864.11,207470.0,0.0
2021-12-31,2161,VD,7.0,149.0,255752.0,0.0,5.0,2.0,0.7142857142857143,0.2857142857142857,5.0,1.0,1.0,0.7142857142857143,0.1428571428571428,2800.7333333333336,506501.0,0.0
2021-12-31,2161,NE,6.0,48.0,840158.0,0.0,5.0,1.0,0.8333333333333334,0.1666666666666666,3.0,3.0,0.0,0.5,0.5,2716.0,105216.0,0.0
2021-12-31,2161,GE,15.0,190.0,59032.0,4.0,4.0,7.0,0.2666666666666666,0.4666666666666667,6.0,4.0,5.0,0.4,0.2666666666666666,2867.3154375,317976.0,0.0
,2161,synth_ZG,108.00775547587916,,,,,,,,,,,,,,,
2022-01-31,2192,ZG,108.0,1880.0,204160561.0,7.0,75.0,26.0,0.6944444444444444,0.2407407407407407,44.0,42.0,20.0,0.4074074074074074,0.3888888888888889,,,1.0
2022-01-31,2192,ZH,50.0,1331.0,12460573198.0,7.0,24.0,19.0,0.48,0.38,21.0,19.0,10.0,0.42,0.38,,,0.0
2022-01-31,2192,BE,4.0,16.0,245.0,0.0,1.0,3.0,0.25,0.75,1.0,0.0,3.0,0.25,0.0,,,0.0
2022-01-31,2192,LU,4.0,9.0,36291.0,0.0,3.0,1.0,0.75,0.25,2.0,1.0,1.0,0.5,0.25,,,0.0
2022-01-31,2192,SZ,5.0,13.0,10220.0,0.0,4.0,1.0,0.8,0.2,2.0,3.0,0.0,0.4,0.6,,,0.0
2022-01-31,2192,TI,17.0,104.0,48995.0,3.0,7.0,7.0,0.4117647058823529,0.4117647058823529,1.0,11.0,5.0,0.0588235294117647,0.6470588235294118,,,0.0
2022-01-31,2192,VD,7.0,149.0,255752.0,0.0,5.0,2.0,0.7142857142857143,0.2857142857142857,5.0,1.0,1.0,0.7142857142857143,0.1428571428571428,,,0.0
2022-01-31,2192,NE,6.0,48.0,840158.0,0.0,5.0,1.0,0.8333333333333334,0.1666666666666666,3.0,3.0,0.0,0.5,0.5,,,0.0
2022-01-31,2192,GE,16.0,198.0,60120.0,5.0,4.0,7.0,0.25,0.4375,7.0,4.0,5.0,0.4375,0.25,,,0.0
,2192,synth_ZG,111.37845180397203,,,,,,,,,,,,,,,
2022-02-28,2220,ZG,110.0,1904.0,204162871.0,7.0,77.0,26.0,0.7,0.2363636363636363,45.0,43.0,20.0,0.4090909090909091,0.3909090909090909,,,1.0
2022-02-28,2220,ZH,52.0,1340.0,12460573246.0,8.0,25.0,19.0,0.4807692307692308,0.3653846153846153,22.0,20.0,10.0,0.4230769230769231,0.3846153846153846,,,0.0
2022-02-28,2220,BE,4.0,16.0,245.0,0.0,1.0,3.0,0.25,0.75,1.0,0.0,3.0,0.25,0.0,,,0.0
2022-02-28,2220,LU,4.0,9.0,36291.0,0.0,3.0,1.0,0.75,0.25,2.0,1.0,1.0,0.5,0.25,,,0.0
2022-02-28,2220,SZ,5.0,13.0,10220.0,0.0,4.0,1.0,0.8,0.2,2.0,3.0,0.0,0.4,0.6,,,0.0
2022-02-28,2220,TI,17.0,104.0,48995.0,3.0,7.0,7.0,0.4117647058823529,0.4117647058823529,1.0,11.0,5.0,0.0588235294117647,0.6470588235294118,,,0.0
2022-02-28,2220,VD,8.0,150.0,255810.0,0.0,6.0,2.0,0.75,0.25,5.0,2.0,1.0,0.625,0.25,,,0.0
2022-02-28,2220,NE,6.0,48.0,840158.0,0.0,5.0,1.0,0.8333333333333334,0.1666666666666666,3.0,3.0,0.0,0.5,0.5,,,0.0
2022-02-28,2220,GE,17.0,200.0,60142.0,5.0,4.0,8.0,0.2352941176470588,0.4705882352941176,7.0,5.0,5.0,0.4117647058823529,0.2941176470588235,,,0.0
,2220,synth_ZG,113.01576426280981,,,,,,,,,,,,,,,
2022-03-31,2251,ZG,113.0,1917.0,204292969.0,7.0,80.0,26.0,0.7079646017699115,0.2300884955752212,46.0,44.0,21.0,0.4070796460176991,0.3893805309734513,,,1.0
2022-03-31,2251,ZH,53.0,1357.0,12460573446.0,8.0,25.0,20.0,0.4716981132075472,0.3773584905660377,23.0,20.0,10.0,0.4339622641509434,0.3773584905660377,,,0.0
2022-03-31,2251,BE,5.0,17.0,248.0,0.0,1.0,4.0,0.2,0.8,1.0,0.0,4.0,0.2,0.0,,,0.0
2022-03-31,2251,LU,4.0,9.0,36291.0,0.0,3.0,1.0,0.75,0.25,2.0,1.0,1.0,0.5,0.25,,,0.0
2022-03-31,2251,SZ,5.0,13.0,10220.0,0.0,4.0,1.0,0.8,0.2,2.0,3.0,0.0,0.4,0.6,,,0.0
2022-03-31,2251,TI,17.0,104.0,48995.0,3.0,7.0,7.0,0.4117647058823529,0.4117647058823529,1.0,11.0,5.0,0.0588235294117647,0.6470588235294118,,,0.0
2022-03-31,2251,VD,8.0,150.0,255810.0,0.0,6.0,2.0,0.75,0.25,5.0,2.0,1.0,0.625,0.25,,,0.0
2022-03-31,2251,NE,6.0,48.0,840158.0,0.0,5.0,1.0,0.8333333333333334,0.1666666666666666,3.0,3.0,0.0,0.5,0.5,,,0.0
2022-03-31,2251,GE,19.0,206.0,69103.0,6.0,4.0,9.0,0.2105263157894736,0.4736842105263157,8.0,5.0,6.0,0.4210526315789473,0.2631578947368421,,,0.0
,2251,synth_ZG,111.33706103792576,,,,,,,,,,,,,,,
2022-04-30,2281,ZG,113.0,1917.0,204292969.0,7.0,80.0,26.0,0.7079646017699115,0.2300884955752212,46.0,44.0,21.0,0.4070796460176991,0.3893805309734513,,,1.0
2022-04-30,2281,ZH,56.0,1362.0,12460573654.0,8.0,26.0,22.0,0.4642857142857143,0.3928571428571428,24.0,21.0,11.0,0.4285714285714285,0.375,,,0.0
2022-04-30,2281,BE,5.0,17.0,248.0,0.0,1.0,4.0,0.2,0.8,1.0,0.0,4.0,0.2,0.0,,,0.0
2022-04-30,2281,LU,4.0,9.0,36291.0,0.0,3.0,1.0,0.75,0.25,2.0,1.0,1.0,0.5,0.25,,,0.0
2022-04-30,2281,SZ,5.0,13.0,10220.0,0.0,4.0,1.0,0.8,0.2,2.0,3.0,0.0,0.4,0.6,,,0.0
2022-04-30,2281,TI,17.0,104.0,48995.0,3.0,7.0,7.0,0.4117647058823529,0.4117647058823529,1.0,11.0,5.0,0.0588235294117647,0.6470588235294118,,,0.0
2022-04-30,2281,VD,8.0,150.0,255810.0,0.0,6.0,2.0,0.75,0.25,5.0,2.0,1.0,0.625,0.25,,,0.0
2022-04-30,2281,NE,6.0,48.0,840158.0,0.0,5.0,1.0,0.8333333333333334,0.1666666666666666,3.0,3.0,0.0,0.5,0.5,,,0.0
2022-04-30,2281,GE,19.0,206.0,69103.0,6.0,4.0,9.0,0.2105263157894736,0.4736842105263157,8.0,5.0,6.0,0.4210526315789473,0.2631578947368421,,,0.0
,2281,synth_ZG,118.36305409318533,,,,,,,,,,,,,,,
2022-05-31,2312,ZG,115.0,1939.0,204363796.0,8.0,81.0,26.0,0.7043478260869566,0.2260869565217391,46.0,45.0,22.0,0.4,0.391304347826087,,,1.0
2022-05-31,2312,ZH,57.0,1363.0,12460573957.0,8.0,26.0,23.0,0.4561403508771929,0.4035087719298245,24.0,21.0,12.0,0.4210526315789473,0.3684210526315789,,,0.0
2022-05-31,2312,BE,5.0,17.0,248.0,0.0,1.0,4.0,0.2,0.8,1.0,0.0,4.0,0.2,0.0,,,0.0
2022-05-31,2312,LU,5.0,16.0,36321.0,0.0,4.0,1.0,0.8,0.2,2.0,1.0,2.0,0.4,0.2,,,0.0
2022-05-31,2312,SZ,5.0,13.0,10220.0,0.0,4.0,1.0,0.8,0.2,2.0,3.0,0.0,0.4,0.6,,,0.0
2022-05-31,2312,TI,17.0,104.0,48995.0,3.0,7.0,7.0,0.4117647058823529,0.4117647058823529,1.0,11.0,5.0,0.0588235294117647,0.6470588235294118,,,0.0
2022-05-31,2312,VD,9.0,151.0,258953.0,1.0,6.0,2.0,0.6666666666666666,0.2222222222222222,5.0,2.0,2.0,0.5555555555555556,0.2222222222222222,,,0.0
2022-05-31,2312,NE,6.0,48.0,840158.0,0.0,5.0,1.0,0.8333333333333334,0.1666666666666666,3.0,3.0,0.0,0.5,0.5,,,0.0
2022-05-31,2312,GE,19.0,206.0,69103.0,6.0,4.0,9.0,0.2105263157894736,0.4736842105263157,8.0,5.0,6.0,0.4210526315789473,0.2631578947368421,,,0.0
,2312,synth_ZG,119.5537501370602,,,,,,,,,,,,,,,
2022-06-30,2342,ZG,119.0,1946.0,204363934.0,8.0,85.0,26.0,0.7142857142857143,0.2184873949579832,48.0,46.0,23.0,0.4033613445378151,0.3865546218487395,,,1.0
2022-06-30,2342,ZH,57.0,1363.0,12460573957.0,8.0,26.0,23.0,0.4561403508771929,0.4035087719298245,24.0,21.0,12.0,0.4210526315789473,0.3684210526315789,,,0.0
2022-06-30,2342,BE,5.0,17.0,248.0,0.0,1.0,4.0,0.2,0.8,1.0,0.0,4.0,0.2,0.0,,,0.0
2022-06-30,2342,LU,5.0,16.0,36321.0,0.0,4.0,1.0,0.8,0.2,2.0,1.0,2.0,0.4,0.2,,,0.0
2022-06-30,2342,SZ,5.0,13.0,10220.0,0.0,4.0,1.0,0.8,0.2,2.0,3.0,0.0,0.4,0.6,,,0.0
2022-06-30,2342,TI,17.0,104.0,48995.0,3.0,7.0,7.0,0.4117647058823529,0.4117647058823529,1.0,11.0,5.0,0.0588235294117647,0.6470588235294118,,,0.0
2022-06-30,2342,VD,10.0,154.0,258957.0,1.0,7.0,2.0,0.7,0.2,6.0,2.0,2.0,0.6,0.2,,,0.0
2022-06-30,2342,NE,6.0,48.0,840158.0,0.0,5.0,1.0,0.8333333333333334,0.1666666666666666,3.0,3.0,0.0,0.5,0.5,,,0.0
2022-06-30,2342,GE,19.0,206.0,69103.0,6.0,4.0,9.0,0.2105263157894736,0.4736842105263157,8.0,5.0,6.0,0.4210526315789473,0.2631578947368421,,,0.0
,2342,synth_ZG,117.82036626780513,,,,,,,,,,,,,,,
2022-07-31,2373,ZG,120.0,1955.0,204364402.0,8.0,86.0,26.0,0.7166666666666667,0.2166666666666666,48.0,46.0,24.0,0.4,0.3833333333333333,,,1.0
2022-07-31,2373,ZH,57.0,1363.0,12460573957.0,8.0,26.0,23.0,0.4561403508771929,0.4035087719298245,24.0,21.0,12.0,0.4210526315789473,0.3684210526315789,,,0.0
2022-07-31,2373,BE,5.0,17.0,248.0,0.0,1.0,4.0,0.2,0.8,1.0,0.0,4.0,0.2,0.0,,,0.0
2022-07-31,2373,LU,5.0,16.0,36321.0,0.0,4.0,1.0,0.8,0.2,2.0,1.0,2.0,0.4,0.2,,,0.0
2022-07-31,2373,SZ,5.0,13.0,10220.0,0.0,4.0,1.0,0.8,0.2,2.0,3.0,0.0,0.4,0.6,,,0.0
2022-07-31,2373,TI,17.0,104.0,48995.0,3.0,7.0,7.0,0.4117647058823529,0.4117647058823529,1.0,11.0,5.0,0.0588235294117647,0.6470588235294118,,,0.0
2022-07-31,2373,VD,10.0,154.0,258957.0,1.0,7.0,2.0,0.7,0.2,6.0,2.0,2.0,0.6,0.2,,,0.0
2022-07-31,2373,NE,6.0,48.0,840158.0,0.0,5.0,1.0,0.8333333333333334,0.1666666666666666,3.0,3.0,0.0,0.5,0.5,,,0.0
2022-07-31,2373,GE,20.0,208.0,69505.0,6.0,4.0,10.0,0.2,0.5,8.0,5.0,7.0,0.4,0.25,,,0.0
,2373,synth_ZG,116.50706722572494,,,,,,,,,,,,,,,
2022-08-31,2404,ZG,120.0,1955.0,204364402.0,8.0,86.0,26.0,0.7166666666666667,0.2166666666666666,48.0,46.0,24.0,0.4,0.3833333333333333,,,1.0
2022-08-31,2404,ZH,58.0,1365.0,12460577628.0,9.0,26.0,23.0,0.4482758620689655,0.396551724137931,24.0,21.0,13.0,0.4137931034482758,0.3620689655172414,,,0.0
2022-08-31,2404,BE,5.0,17.0,248.0,0.0,1.0,4.0,0.2,0.8,1.0,0.0,4.0,0.2,0.0,,,0.0
2022-08-31,2404,LU,5.0,16.0,36321.0,0.0,4.0,1.0,0.8,0.2,2.0,1.0,2.0,0.4,0.2,,,0.0
2022-08-31,2404,SZ,5.0,13.0,10220.0,0.0,4.0,1.0,0.8,0.2,2.0,3.0,0.0,0.4,0.6,,,0.0
2022-08-31,2404,TI,18.0,107.0,49113.0,3.0,7.0,8.0,0.3888888888888889,0.4444444444444444,2.0,11.0,5.0,0.1111111111111111,0.6111111111111112,,,0.0
2022-08-31,2404,VD,10.0,154.0,258957.0,1.0,7.0,2.0,0.7,0.2,6.0,2.0,2.0,0.6,0.2,,,0.0
2022-08-31,2404,NE,6.0,48.0,840158.0,0.0,5.0,1.0,0.8333333333333334,0.1666666666666666,3.0,3.0,0.0,0.5,0.5,,,0.0
2022-08-31,2404,GE,20.0,208.0,69505.0,6.0,4.0,10.0,0.2,0.5,8.0,5.0,7.0,0.4,0.25,,,0.0
,2404,synth_ZG,120.34672018143755,,,,,,,,,,,,,,,
2022-09-30,2434,ZG,120.0,1955.0,204364402.0,8.0,86.0,26.0,0.7166666666666667,0.2166666666666666,48.0,46.0,24.0,0.4,0.3833333333333333,,,1.0
2022-09-30,2434,ZH,60.0,1367.0,12460577677.0,10.0,26.0,24.0,0.4333333333333333,0.4,25.0,21.0,14.0,0.4166666666666667,0.35,,,0.0
2022-09-30,2434,BE,5.0,17.0,248.0,0.0,1.0,4.0,0.2,0.8,1.0,0.0,4.0,0.2,0.0,,,0.0
2022-09-30,2434,LU,6.0,21.0,39576.0,0.0,5.0,1.0,0.8333333333333334,0.1666666666666666,2.0,1.0,3.0,0.3333333333333333,0.1666666666666666,,,0.0
2022-09-30,2434,SZ,5.0,13.0,10220.0,0.0,4.0,1.0,0.8,0.2,2.0,3.0,0.0,0.4,0.6,,,0.0
2022-09-30,2434,TI,18.0,107.0,49113.0,3.0,7.0,8.0,0.3888888888888889,0.4444444444444444,2.0,11.0,5.0,0.1111111111111111,0.6111111111111112,,,0.0
2022-09-30,2434,VD,10.0,154.0,258957.0,1.0,7.0,2.0,0.7,0.2,6.0,2.0,2.0,0.6,0.2,,,0.0
2022-09-30,2434,NE,7.0,67.0,842059.0,1.0,5.0,1.0,0.7142857142857143,0.1428571428571428,4.0,3.0,0.0,0.5714285714285714,0.4285714285714285,,,0.0
2022-09-30,2434,GE,20.0,208.0,69505.0,6.0,4.0,10.0,0.2,0.5,8.0,5.0,7.0,0.4,0.25,,,0.0
,2434,synth_ZG,125.73052710197328,,,,,,,,,,,,,,,
2022-10-31,2465,ZG,120.0,1955.0,204364402.0,8.0,86.0,26.0,0.7166666666666667,0.2166666666666666,48.0,46.0,24.0,0.4,0.3833333333333333,,,1.0
2022-10-31,2465,ZH,60.0,1367.0,12460577677.0,10.0,26.0,24.0,0.4333333333333333,0.4,25.0,21.0,14.0,0.4166666666666667,0.35,,,0.0
2022-10-31,2465,BE,5.0,17.0,248.0,0.0,1.0,4.0,0.2,0.8,1.0,0.0,4.0,0.2,0.0,,,0.0
2022-10-31,2465,LU,6.0,21.0,39576.0,0.0,5.0,1.0,0.8333333333333334,0.1666666666666666,2.0,1.0,3.0,0.3333333333333333,0.1666666666666666,,,0.0
2022-10-31,2465,SZ,5.0,13.0,10220.0,0.0,4.0,1.0,0.8,0.2,2.0,3.0,0.0,0.4,0.6,,,0.0
2022-10-31,2465,TI,18.0,107.0,49113.0,3.0,7.0,8.0,0.3888888888888889,0.4444444444444444,2.0,11.0,5.0,0.1111111111111111,0.6111111111111112,,,0.0
2022-10-31,2465,VD,10.0,154.0,258957.0,1.0,7.0,2.0,0.7,0.2,6.0,2.0,2.0,0.6,0.2,,,0.0
2022-10-31,2465,NE,7.0,67.0,842059.0,1.0,5.0,1.0,0.7142857142857143,0.1428571428571428,4.0,3.0,0.0,0.5714285714285714,0.4285714285714285,,,0.0
2022-10-31,2465,GE,20.0,208.0,69505.0,6.0,4.0,10.0,0.2,0.5,8.0,5.0,7.0,0.4,0.25,,,0.0
,2465,synth_ZG,125.73052710197328,,,,,,,,,,,,,,,
2022-11-30,2495,ZG,120.0,1955.0,204364402.0,8.0,86.0,26.0,0.7166666666666667,0.2166666666666666,48.0,46.0,24.0,0.4,0.3833333333333333,,,1.0
2022-11-30,2495,ZH,60.0,1367.0,12460577677.0,10.0,26.0,24.0,0.4333333333333333,0.4,25.0,21.0,14.0,0.4166666666666667,0.35,,,0.0
2022-11-30,2495,BE,5.0,17.0,248.0,0.0,1.0,4.0,0.2,0.8,1.0,0.0,4.0,0.2,0.0,,,0.0
2022-11-30,2495,LU,6.0,21.0,39576.0,0.0,5.0,1.0,0.8333333333333334,0.1666666666666666,2.0,1.0,3.0,0.3333333333333333,0.1666666666666666,,,0.0
2022-11-30,2495,SZ,5.0,13.0,10220.0,0.0,4.0,1.0,0.8,0.2,2.0,3.0,0.0,0.4,0.6,,,0.0
2022-11-30,2495,TI,18.0,107.0,49113.0,3.0,7.0,8.0,0.3888888888888889,0.4444444444444444,2.0,11.0,5.0,0.1111111111111111,0.6111111111111112,,,0.0
2022-11-30,2495,VD,11.0,390.0,284240.0,1.0,8.0,2.0,0.7272727272727273,0.1818181818181818,7.0,2.0,2.0,0.6363636363636364,0.1818181818181818,,,0.0
2022-11-30,2495,NE,7.0,67.0,842059.0,1.0,5.0,1.0,0.7142857142857143,0.1428571428571428,4.0,3.0,0.0,0.5714285714285714,0.4285714285714285,,,0.0
2022-11-30,2495,GE,20.0,208.0,69505.0,6.0,4.0,10.0,0.2,0.5,8.0,5.0,7.0,0.4,0.25,,,0.0
,2495,synth_ZG,123.9971432327182,,,,,,,,,,,,,,,
2022-12-31,2526,ZG,120.0,1955.0,204364402.0,8.0,86.0,26.0,0.7166666666666667,0.2166666666666666,48.0,46.0,24.0,0.4,0.3833333333333333,,,1.0
2022-12-31,2526,ZH,60.0,1367.0,12460577677.0,10.0,26.0,24.0,0.4333333333333333,0.4,25.0,21.0,14.0,0.4166666666666667,0.35,,,0.0
2022-12-31,2526,BE,5.0,17.0,248.0,0.0,1.0,4.0,0.2,0.8,1.0,0.0,4.0,0.2,0.0,,,0.0
2022-12-31,2526,LU,6.0,21.0,39576.0,0.0,5.0,1.0,0.8333333333333334,0.1666666666666666,2.0,1.0,3.0,0.3333333333333333,0.1666666666666666,,,0.0
2022-12-31,2526,SZ,5.0,13.0,10220.0,0.0,4.0,1.0,0.8,0.2,2.0,3.0,0.0,0.4,0.6,,,0.0
2022-12-31,2526,TI,18.0,107.0,49113.0,3.0,7.0,8.0,0.3888888888888889,0.4444444444444444,2.0,11.0,5.0,0.1111111111111111,0.6111111111111112,,,0.0
2022-12-31,2526,VD,11.0,390.0,284240.0,1.0,8.0,2.0,0.7272727272727273,0.1818181818181818,7.0,2.0,2.0,0.6363636363636364,0.1818181818181818,,,0.0
2022-12-31,2526,NE,7.0,67.0,842059.0,1.0,5.0,1.0,0.7142857142857143,0.1428571428571428,4.0,3.0,0.0,0.5714285714285714,0.4285714285714285,,,0.0
2022-12-31,2526,GE,21.0,209.0,69577.0,6.0,5.0,10.0,0.238095238095238,0.4761904761904761,8.0,5.0,8.0,0.3809523809523809,0.238095238095238,,,0.0
,2526,synth_ZG,122.68384419063803,,,,,,,,,,,,,,,
